3.839820110873392589e-01
2.589506711701803354e-01
4.125303704043961628e-01
3.520277929434975639e-01
2.449942518707064476e-01
2.840916220826883443e-02
2.248941447653944881e-01
3.665398536332029056e-01
4.745633906701191007e-01
1.309267979949998439e-01
1.231002943434836849e-01
4.231536672741458838e-01
1.438811722144743288e-01
3.790074175793096134e-01
4.251971343679561421e-01
5.326308293700660057e-02
2.682632564902828198e-01
4.200353540318602641e-01
1.339616519497563440e-01
3.696163380419209554e-02
9.516776818145222805e-02
4.760222510337691060e-01
3.941303515482256770e-01
2.851341192001176084e-01
2.853913698166272161e-01
3.275747482319331105e-01
2.772867443024449874e-01
3.158576417314607476e-01
4.340235489387985757e-01
1.309448507623073299e-01
4.244851632757416504e-01
3.650174853017207344e-02
4.179421745311240333e-01
2.721535904352068713e-01
2.139500426980358583e-01
1.445097726558622897e-01
3.857425000226951117e-01
2.227538869040593950e-01
6.590423445524107304e-02
2.963392476831076539e-01
9.163277246213852312e-03
9.687575856457075751e-03
8.645606600513527917e-02
1.570767358953522042e-01
3.520810230198274660e-01
4.692364362094849084e-01
1.474554355414781082e-01
2.976245745566052370e-01
3.543659055165099825e-01
2.123980223760948416e-01
3.503903347779669941e-01
5.556150856456187892e-02
3.475517302414867227e-01
2.443762516938285945e-03
4.164594823752913455e-01
3.987666145839504073e-01
3.360963866565054858e-01
1.254029002810487237e-01
3.032482953091113487e-01
3.754850030310000752e-01
8.552638259332712156e-02
3.293817891682918608e-01
3.266320404299863922e-01
2.331828510547737654e-01
3.279593528979035666e-02
2.758304451376010769e-01
1.786238260831591873e-01
3.702941579128878891e-01
4.456432038577889942e-02
2.522487702795833675e-02
1.717867325821890168e-01
4.300575843643278384e-02
2.547901116906592378e-02
9.965435789312132586e-02
9.828401059864760869e-02
3.973610033138805231e-01
4.639879078775121513e-01
2.543630569636315397e-01
3.641809837299984642e-01
2.522249339317174099e-01
4.505171211266587039e-01
4.598080963853096725e-01
2.534738986922764337e-01
4.927740388407259031e-02
2.134781923534667669e-03
4.064263067398609097e-01
2.811325017900606071e-01
3.231316437955938370e-01
2.508649417420172334e-01
1.519342536721935977e-01
1.566321684694941263e-01
2.851626646553118150e-01
2.730877976263204610e-01
7.302747861624203640e-02
4.013266634459976556e-01
4.481108181092171572e-01
3.858295743494138952e-01
4.654633892535147144e-01
7.461047194580749942e-02
2.547887369289055792e-01
2.646480443293218188e-01
4.294119193012653768e-01
4.922142654911274007e-01
4.709357755174402027e-01
2.678130125226189651e-01
4.325278437565254763e-01
2.533315649767331479e-02
4.763514162386340844e-01
1.890443005834337997e-01
4.830322119410307979e-01
4.312097983686574709e-01
1.479752999830787896e-01
1.411799168655081260e-01
3.763598224744909015e-01
3.487352256402176387e-03
1.764113658185856304e-01
1.809311607165184910e-01
1.421651113375047015e-01
2.270835322497367081e-01
3.794487481486190639e-01
4.577109158131807964e-01
3.786265266830356468e-01
1.485482219576886864e-01
3.383880751566087919e-01
1.013252119637669812e-02
6.086337425808263646e-02
3.233124208978402359e-01
3.638747932774731852e-01
3.888086851124348264e-01
6.544216614108089303e-03
2.891565729641375482e-01
1.334812559200805326e-01
2.983957822391142267e-02
1.762375370338198355e-01
3.296321667332069438e-02
2.761147355052413488e-01
2.033029010356283139e-01
1.611164410908733080e-02
2.768418941908212250e-01
4.951371153608747910e-01
1.361290465035869257e-02
1.644885250230847529e-01
2.765976102731163566e-01
4.122213446459113695e-01
1.231409450257104909e-01
3.461722939654186537e-01
4.841180098883992033e-01
2.195900024354469071e-02
2.658103272902863079e-01
4.049862262208206443e-01
3.143739004605303755e-01
3.685149491345717787e-01
5.077612025699490550e-02
4.135593802225916993e-01
2.903170106316717014e-01
3.283233948245084521e-01
3.832873416611731754e-02
4.726296614212495695e-01
2.925386030761810141e-01
4.712924491154683593e-01
4.803795723893107272e-01
2.330830019989470481e-01
3.354044106543556114e-01
1.623765623138997416e-01
4.080598482299405139e-01
1.038215432849785014e-01
4.570527918846089555e-01
1.511839756414675717e-01
4.998111441080807515e-01
1.291486176951249787e-01
4.941470356614595105e-01
3.496648153304617868e-01
3.201997327826343609e-01
2.454780805520139775e-01
2.488108990377758678e-01
2.536564411391815654e-01
2.804250536499558466e-02
4.482010554972644667e-01
8.533625784552867355e-02
7.624723172752317923e-02
2.454440909696525841e-02
5.746714977364009158e-02
2.087814585830968794e-01
2.880727855614571009e-01
3.902834384068533113e-01
9.636937706635073653e-02
1.144714046183944456e-01
2.450994837173418595e-01
7.171231903262514917e-02
2.939460365114858753e-01
3.870682058515694246e-01
4.253453591754306484e-01
1.022497800450848926e-01
2.494703178613503769e-01
3.390860857330871836e-01
3.157322089515468555e-01
4.361365926008434202e-01
4.726759890690659938e-01
2.704033743904095122e-01
1.871477397399798903e-01
1.316923191553363015e-01
4.958411386824566613e-01
8.094427780542140516e-02
8.231109473824421707e-02
2.651797932179380535e-01
3.939855582738870377e-01
2.927278265842642169e-02
3.448624836184851494e-01
2.338937017484931102e-01
8.758303919186422037e-02
1.158950004272376044e-01
6.096874343140579189e-02
2.747618081460534989e-01
2.198365367742003973e-01
4.679724853567929777e-01
4.009235625224077393e-01
3.750180221700248895e-01
3.673341418142286874e-01
1.237323098380371800e-02
2.177789132949762840e-01
2.898213110065767095e-01
1.785245792668277987e-01
3.068272608631761322e-02
2.405193789939029658e-01
8.428464043438277375e-03
6.380241303500788774e-03
4.228397966219563098e-01
1.697176078175938740e-01
4.152380719222837357e-01
3.658970905127149065e-01
2.330493745040695952e-02
1.292342249667027820e-01
4.982690041295994021e-01
1.445019262298618545e-01
4.776787698981482810e-02
1.789826030153392478e-01
4.478114314038376675e-01
3.112721517409758887e-01
4.408457351850487149e-01
4.772153628947469750e-01
3.599479122650851015e-01
4.693365412404853498e-01
2.415234620069473537e-01
3.661464530134088680e-01
3.421360195949152971e-01
4.716032267823959123e-01
1.696952270299175169e-01
3.043631626992365780e-02
2.726443659334255032e-01
3.417004987090103696e-01
3.621662479505876608e-01
4.555437489041298527e-01
2.167853424602017021e-01
5.281723816572875263e-02
4.023953954425968371e-01
2.958738711443370528e-02
1.040560274024979748e-01
1.598391147758546071e-01
1.840482286593076444e-01
3.869190087301276337e-01
3.326257737280265969e-01
3.480432559711774121e-01
1.347175189643382009e-01
2.478170071432195254e-02
8.853948553146812062e-02
4.759713030904283437e-01
3.664432718590938665e-01
6.984466846992720690e-02
4.242400370921881048e-01
3.076798336973868842e-01
2.627333408035217310e-01
1.634620103486250642e-01
4.000408438453548765e-01
1.137005122710181837e-01
2.716375512587474450e-01
3.269336796966613723e-01
3.519482618217512071e-02
1.554071876075055481e-01
2.146649214421414431e-02
1.722527286300861715e-01
1.085198147361974286e-01
1.418521461895331237e-01
1.784695471230758335e-01
1.691612410247189113e-01
1.052435005105085142e-01
2.550845079257475501e-01
4.428799123665073112e-01
3.109123414994642287e-01
3.129086374938127579e-01
3.522996911968332978e-01
1.620531314579337634e-02
1.002198813406596778e-01
1.848841681489706845e-01
1.767679766659304152e-01
2.266221851755435557e-01
2.780410866110363810e-01
1.607947481660543243e-03
1.006920225836143712e-01
1.658914647506926077e-02
1.957392155371795450e-02
2.466956934071182772e-01
3.309641238526467300e-01
2.917485956069997832e-01
4.639252421134401061e-01
2.915301770628474509e-01
2.088515479360421589e-01
3.832037549639964458e-01
3.517241051932126217e-01
4.191406672237418807e-01
3.302943504343316961e-01
3.826384716286538312e-01
1.551742534518825156e-01
1.850437111003617185e-01
1.333821552419635625e-01
2.170162305026400729e-01
3.652146222074583171e-01
5.870035895768116463e-02
1.989470312922723139e-01
4.366021435893435720e-02
3.285570672375615620e-01
3.236848255313079514e-02
2.940015728574573717e-01
1.838836325986786258e-01
4.514196775375241555e-01
4.398386402186883481e-01
1.084450035229684306e-01
2.543110367001573668e-01
2.719976937904557968e-01
4.656380211141541992e-02
1.615994226520749422e-01
8.672666650784655040e-02
6.806827700212919607e-02
4.448612605231160866e-01
4.815370176534833346e-01
1.896050320825219959e-01
3.229009543025183615e-01
3.972732849776615671e-01
3.866685854045521231e-01
2.405778399151811686e-01
3.942235487628065749e-01
4.801016021370513309e-02
3.393570447626803599e-01
3.936234324439828458e-01
1.391514477143570017e-01
3.924915941134740072e-01
2.142625459059832593e-01
1.802991051721385962e-01
1.401467862080389981e-01
3.413500468291063017e-01
2.545579588096321677e-01
1.029721761049749440e-01
4.744597222132028724e-01
4.255522922053947554e-01
5.039894522833571200e-02
3.030534234079185207e-01
4.752488146304428285e-01
1.683086785075913472e-01
3.676513048151280327e-01
6.881291039569709111e-02
1.785317179354020678e-01
4.095443525067486989e-01
1.011318151586545477e-01
4.373103845946721968e-01
2.924923916641014032e-01
3.768815035971909699e-01
4.285623949342364791e-01
9.533979194162844895e-02
3.983110910165222895e-01
3.816332878910866366e-02
4.929922091631651626e-01
3.806359339057402424e-02
8.449653035677062718e-02
1.437534355003356468e-01
3.053375036985631619e-01
1.718520590741727250e-01
2.393398146264308357e-02
2.706216464303117242e-01
9.051904680819411464e-02
2.665845076301858185e-01
1.302381453290641922e-01
2.399626873604064348e-01
2.447855668409777974e-01
1.634029423545698689e-01
1.355715135000379323e-02
1.953526382046463783e-01
3.551789838723796167e-01
3.523529951958905837e-01
4.993806063665279238e-02
4.570273150549080121e-01
3.048674163241552049e-01
4.845260062390850386e-01
4.793150885116020943e-01
2.638757067677451884e-01
3.354932811575591090e-01
1.862120875868420455e-01
7.470093823746748463e-03
4.372954615723063654e-01
2.118280677009770629e-01
2.515534799997778403e-01
7.476193387873686369e-02
1.212927318772880070e-01
1.485198444177688870e-01
9.471004775002789255e-03
1.183875301221071208e-02
2.062778483064851009e-01
1.738960323293989862e-01
2.560083619568861990e-01
4.867096489167644924e-01
1.123189808493523234e-01
1.965653306582170190e-01
1.033913365985144051e-01
2.374293128434276090e-01
2.317802098135636757e-01
4.997608688644976649e-01
1.569292540092595556e-01
2.541971141304604775e-01
4.138664134324742117e-01
4.977320749457281313e-02
2.980638322365224968e-01
1.806762012249170657e-01
1.310022706726343689e-02
4.155743910632597737e-02
2.691964433475109164e-01
6.212596077491583380e-02
3.080740252661173240e-01
2.374766691524120565e-01
2.402482715332304730e-01
4.153211024530146234e-01
4.008075899481318149e-01
3.047721802846321548e-01
2.852089108180977384e-01
2.498102417027115996e-01
3.806238688462620923e-02
2.981232172898002353e-01
2.935664723407038768e-01
1.407770248834260829e-01
1.562657330051142601e-02
4.973407469577404427e-01
1.367510731757529685e-01
1.917023388159250219e-01
3.760516207711256387e-01
6.185780298711185399e-02
2.340150094526975977e-01
1.874336864080989318e-01
4.277047692229914988e-01
4.286388915248795506e-02
1.586788999362741537e-01
2.725713683674735877e-01
3.918037788040171776e-01
1.806303476571008981e-01
3.490506852848227481e-01
3.455478337651531895e-01
3.630672489671286085e-01
4.373171557744536808e-01
4.709936076341534328e-01
1.672167802866525443e-02
3.061580005829699358e-01
1.219459853439947006e-02
3.436361460751379271e-01
1.191677628467157080e-01
4.727755303170099732e-01
3.188713887215329224e-01
1.324655839477248409e-01
2.301388436081721056e-01
5.698151630468217821e-02
2.134587360747494666e-01
3.616924523008044345e-01
4.971430778990565957e-01
3.605918324149128273e-01
6.266502774504884021e-02
1.087599891136967201e-01
1.560348811567901506e-01
4.550131819387100984e-01
2.894659680927018641e-01
4.024715642004368932e-01
9.337994479239802859e-02
1.155270241804477460e-01
3.606708311693455626e-01
3.809231246064569976e-01
3.566133455973145017e-01
1.758005933817269328e-02
1.151217660412696686e-01
3.838642894552440898e-01
8.839673428004723998e-02
2.003879004937254571e-01
4.128226237209148275e-01
2.074684831373801996e-01
4.554144815740177599e-01
6.672958541250140208e-02
1.785700768846194553e-01
1.743577030244198300e-01
4.261893160221618126e-01
4.671708625813247862e-02
2.694753903732371447e-01
1.104418778086596609e-02
1.434202594731686098e-01
4.087800806735067405e-01
2.353005618862832882e-01
1.996747670139711883e-01
3.891817030000388478e-01
3.825953601511921653e-01
3.416867845289427996e-01
2.843219292923188091e-01
2.484854953844484182e-03
2.666853164092370942e-01
4.609092492804909846e-01
4.888487087575012491e-01
1.546502580643644431e-01
4.241290867789437313e-01
2.461596149149484769e-01
6.033729307538743258e-02
6.821115749104544879e-03
4.780533494182703236e-01
4.723040275537516153e-01
9.389130739253820357e-02
2.499867975540248644e-01
3.614576506218787344e-01
2.489479644474102971e-01
7.821011341781058945e-02
3.898664032341336849e-02
2.975616820160784104e-01
3.035303688615177964e-01
2.006976004302014616e-01
4.853970921218733747e-01
2.074112524277126890e-01
3.518640156503710092e-01
4.828031919153719098e-01
4.397157465972658663e-01
2.275791725367199425e-01
1.563173155177533524e-01
2.360913695974098392e-02
4.021189490462401817e-01
9.699188284302484586e-02
2.935674814477672867e-01
2.696551624894360510e-01
3.324599158548469102e-02
4.865597451113669591e-01
3.039100923803167431e-01
4.817717351133780079e-01
4.383893171876641626e-01
2.239040432162362482e-01
4.715979451372140918e-01
4.557497643052205172e-02
4.639403902760014797e-01
2.451730483416111328e-01
1.090130104502778918e-02
4.809731362676979427e-01
2.418431536251800518e-01
2.130500145504299336e-01
8.538901226259382193e-02
6.691174034396735193e-02
2.958922230869526215e-01
3.217932993358239568e-01
2.321133160813633189e-01
1.312585822209216269e-01
2.137125216307402265e-01
4.279528808734462397e-01
1.046264228681471620e-01
1.637302315929989871e-01
3.135616720758619969e-01
4.640578927709003709e-01
4.283144917162512999e-01
3.868719343676244038e-01
2.127280619207286838e-01
1.111655469849327504e-01
2.708037015807733261e-01
3.320926617228841526e-01
4.746983371978207855e-01
7.849721450926883115e-03
2.671723649820182400e-01
2.378116532288781504e-01
1.650615230578033055e-01
1.223243610320584041e-01
1.173320821100069522e-01
4.527336007366611348e-02
4.271766249937339888e-01
1.441594341491084785e-01
1.459841434004066074e-01
3.310511269742520968e-01
4.367583121841875360e-01
2.317555669530202422e-02
4.770865968840393156e-01
3.795548160209841759e-01
6.671535735577127646e-02
8.985959197780746255e-02
2.765540969046438313e-01
2.208154776897077731e-01
3.782866038076747595e-01
2.119260772035903018e-01
3.082737927338995432e-01
2.328547776846208173e-01
1.091684100939714352e-01
4.033127469093492068e-01
3.090923002681483234e-01
2.292682393842715438e-01
8.936906192449217690e-02
2.133572511031390784e-01
1.284821351186532512e-01
4.324822152398553055e-01
3.025190002416625057e-01
1.102103907268969785e-01
5.074921423737716042e-02
3.116744025368471394e-01
2.342354456055633083e-01
1.462972561158320528e-01
8.357905452968328319e-02
1.748670184404185757e-01
8.681610736264461226e-02
3.358344139117875327e-01
1.798437315549866189e-01
2.557320393491479549e-01
2.266748913880392013e-01
3.374003847073480666e-01
2.183700409507693951e-01
3.081693894770903830e-02
3.039418786216800394e-01
1.002168559400369863e-01
2.309333917472455866e-01
3.422541780457024063e-01
1.500044851501404763e-01
1.497359682516807289e-01
3.293193023238167316e-01
1.177574166807962563e-01
4.404910089695996400e-01
2.916899762880299507e-01
8.143085368436042693e-02
1.406796846975614801e-01
4.838522200543718954e-01
3.255185907319060323e-01
2.330540404543990363e-01
4.386241301717608287e-04
1.075891362420366426e-01
2.431187862178952330e-01
8.568372130242085660e-03
2.921011280856024017e-01
4.188523767872997516e-01
2.317159005587342557e-01
1.220128830396768338e-01
3.821191985582477746e-01
8.588564777436347164e-02
1.095835916947114907e-01
3.686023166175350640e-01
3.599264917360494587e-01
2.961713220305063898e-01
3.192309081299393725e-01
2.594732704366730092e-01
2.990518665774213325e-01
3.274882947948631329e-01
4.733113303387364579e-01
1.868563845660080602e-01
2.582626996453381008e-01
1.214286945994108580e-01
4.071473022334255454e-01
5.022110177287358868e-02
2.814742997148844683e-02
2.187106865030404856e-01
2.211611668774188799e-01
1.466335502281675973e-01
2.174791426526905269e-01
1.251353753977595407e-01
3.223449726103028157e-02
7.537655808195881102e-02
3.017746384005994820e-01
4.603562105855072972e-01
3.775033285597412247e-01
4.366787092562846584e-01
3.609293823006972657e-01
2.968697536930228753e-01
7.407669242131953435e-02
2.401703793641341567e-01
3.372408041242578869e-01
4.552596919062579794e-01
4.799499463650226949e-01
1.091829224856293856e-01
2.733679141347009067e-01
4.198120154009861715e-01
2.214895352134949036e-02
4.818015388537020827e-01
4.427981514860571122e-01
3.394597923592069799e-01
1.955798231067061299e-01
4.642526162860646788e-01
3.427747008229964365e-02
4.883760420441344285e-01
3.472394121467371475e-01
1.939676335001553897e-01
4.538606410827906723e-01
3.737148842212917321e-02
3.208903606174070000e-01
2.950020175692502633e-01
9.384489495685682803e-02
2.447542796326481196e-01
2.858302748672344462e-01
3.236259819563768181e-01
1.340290109808867647e-01
1.408317941000612472e-01
4.962496634989044253e-03
1.040088455278878055e-01
1.625665605889077270e-01
1.135314879872525440e-01
4.524970881028286818e-01
1.063161117811076695e-01
1.208623943591176642e-01
1.497876916548669946e-01
4.997835670280053044e-01
4.736389923390200152e-01
1.502073937020685368e-01
3.060568800186695415e-01
3.848077552089268494e-02
1.227470687857012410e-01
2.818660758338187300e-01
1.787891664047139284e-01
3.544296701608837252e-01
9.949464510790023697e-02
4.303711107832175475e-03
3.674189926455057043e-01
3.238741379291533162e-01
2.698762210671016848e-01
3.156501829201650011e-01
1.820325354374740523e-01
2.092538724065122757e-01
7.637580196308113578e-03
3.010028226442389987e-01
3.614901950689775045e-02
1.964316446541887196e-01
2.752646079640570509e-01
3.371245992990434259e-01
2.120952300477219055e-01
4.272019536635299208e-01
1.732216115464147443e-01
4.801369516395850856e-01
5.432976840397563123e-02
1.885860263814424509e-01
3.090267000993587865e-01
4.337490583270992572e-01
1.665506174363471370e-01
9.164204219102384252e-02
3.327177288608494932e-01
1.827366570303811111e-01
4.741371670825667017e-03
5.649685530097603436e-02
4.703189867515533140e-01
3.879741238588694241e-01
3.805371963516442357e-01
2.105757751488787077e-01
2.306375391538051933e-01
4.465771717882295322e-01
4.311071948070447357e-01
3.907427374053246694e-01
3.960290471263212542e-01
1.136009334396038684e-01
1.229635020141668922e-01
3.673904255771215377e-01
4.741302119472912691e-01
2.895678791980627054e-01
4.992698854005495068e-02
1.034695940101454936e-01
4.003321228981642776e-01
7.808810259343701432e-02
5.276395978784487184e-03
8.524374157111652694e-02
2.536472901376733424e-01
6.953161800691864958e-02
4.838022091034916983e-01
2.340203783306120111e-01
4.004233660969477304e-01
1.068720238335862938e-01
1.393469845297887755e-01
2.491621438464945437e-01
2.129650457601874325e-01
2.905425998363736495e-01
2.271758502813602809e-01
4.629227888458489204e-01
2.279652868545661293e-01
2.541580730115706177e-01
3.593942500060057221e-01
2.167435860916882007e-01
3.403530313446888056e-01
3.703865984236991427e-01
7.500111779087531572e-02
3.209744874839705608e-01
8.538604407197902812e-02
1.382934945534941007e-01
2.110531185396108955e-01
1.667052748425358333e-01
1.573323029243042237e-01
1.306772231012104379e-01
1.778623033122401220e-01
1.922656810243061343e-01
7.817819453942354002e-02
2.795441156044096709e-01
2.205655330956931559e-01
3.780681390085382509e-01
4.944422879129632964e-01
3.889558596856762529e-02
4.313434486827673608e-01
1.818762134778421080e-01
9.250766347225697350e-02
2.954248577052559499e-02
3.256190319038078651e-01
4.098640904276187324e-01
2.955909006153685792e-01
3.165122936038855528e-01
1.058794477907121223e-01
3.747503122260696928e-01
1.684311466423443759e-01
2.825674959152051358e-01
1.691051141422855175e-01
1.370080926667163190e-01
3.672172117206987108e-01
2.882323885925466289e-01
1.743006340308528856e-01
4.238297134910342656e-01
3.831953691503264259e-01
3.571668335282775497e-01
3.877020819589366285e-01
1.636705108910740947e-01
3.966478467821399345e-02
3.420380900384278888e-01
7.335471474964777583e-02
1.742279857857825798e-01
3.486489179831802621e-01
3.082498152717011441e-01
4.329505560095656680e-01
4.612059702101860559e-01
2.642895029618094749e-01
4.669101154346191884e-01
1.312710841664677663e-01
4.270219756593609528e-01
2.141001194657149442e-01
8.951906114218644017e-03
2.417504588333673765e-01
2.890182339564493219e-01
3.692133197606667361e-02
1.626059854238846580e-01
1.157641784252579353e-01
4.031101782877600792e-01
4.264275047816915576e-01
2.597246800841904735e-01
4.850886671537972261e-01
2.318207830173947825e-01
1.489388175300631056e-01
4.823170855816938940e-01
2.372950811978982721e-01
3.046246299386052292e-01
7.784136237684935455e-02
4.966007098071327786e-01
3.021335219748458867e-01
3.819064476021647447e-01
3.354076873486115384e-01
3.212557738029923615e-01
1.809958325947882973e-01
1.770635395889959551e-01
5.226869670626549391e-02
1.054277564896062280e-01
1.399092746158553946e-01
2.919764530224340793e-01
2.452878086291609971e-02
1.317799526848590919e-01
5.599303519108828064e-02
2.185580638919252805e-01
3.672840441344498719e-01
3.743806925559937104e-01
4.424991801062325147e-01
3.280072505520549853e-01
2.180805506686520623e-01
4.673851974086706829e-02
3.461024085431524400e-01
1.787833036395896635e-01
3.960623975073963576e-01
1.172223099770816623e-01
4.808393366031449290e-01
4.791966210221920708e-01
4.693299958971769437e-01
3.509528521693950909e-01
2.741439334419712992e-01
1.118484237588416863e-01
4.142242207016150757e-01
3.734898829347909621e-01
8.167659518014513953e-02
3.522468730006643733e-01
4.758268741369539034e-01
4.260598310957415258e-01
4.475822476462547606e-01
4.303671546757095179e-01
4.854666156520148212e-01
1.648436262237134575e-01
3.921635926760219659e-02
2.147220712486233030e-01
3.927424175924897343e-01
7.282420905257008803e-02
2.389585564851452459e-01
2.502102884225296253e-01
3.530690404745611133e-01
2.907949606698309597e-01
4.234712053287042477e-01
3.391957299918083590e-01
3.172193546780819329e-01
9.539324543185284666e-02
2.403705047974757369e-01
4.715854729087670116e-01
2.453313358571816982e-01
7.621674351769025524e-03
3.017143231121040547e-01
4.410900632214587724e-01
5.543065930453394685e-04
9.972109295830849929e-02
3.489810562875104161e-01
9.259347782868926346e-02
3.298613540542800204e-01
2.443055843492119017e-01
1.234817290207116947e-01
2.355080704133786229e-01
6.066125288671753157e-02
1.548762159977953856e-01
3.473757172617998878e-01
3.677159910334861781e-01
1.184673105406249816e-01
2.229308182870688992e-01
2.344559064653535252e-01
4.680898963313851469e-01
1.659684419601946126e-01
4.612141934157474865e-01
2.241256322599325390e-01
2.572619459480139370e-01
1.797974266659883025e-01
1.836020361503712950e-01
2.281172327327699034e-01
3.402584423997400687e-01
4.284832278626468094e-01
4.051793147402114603e-01
2.528305261207057231e-01
1.669272807349658772e-01
2.918010708870482084e-01
2.570881297714522340e-02
4.221099385983272945e-01
1.921825150410916283e-01
4.799482194998520024e-01
4.102464504507207788e-01
4.412701805303250735e-01
3.350746442465128982e-01
7.036537451329055726e-02
7.970793377152585180e-02
1.176715560529311699e-01
4.814974008985660192e-01
1.608060903524257679e-01
9.585841493290375714e-02
1.895064953013212428e-01
5.309596532233834543e-02
4.257478175034390966e-01
3.597543087893424474e-01
1.133453463564653152e-01
4.134082568252718248e-01
1.315832485222129256e-01
3.865677338136719876e-01
1.355600176854932504e-01
6.735656556010993778e-03
2.823304839984410175e-01
1.893250050384416294e-01
2.298770445836861853e-02
2.442587910774400295e-01
1.545670795437483203e-01
2.150014013883073671e-01
4.257839464618017877e-01
2.995461596760066181e-01
1.268483087632530926e-01
4.996470887007816164e-01
3.857440996801503874e-01
4.632033308010429784e-01
3.800829699936269512e-01
4.901334600785023365e-02
2.014590643225047661e-01
2.547112662154195628e-01
1.233970765532665936e-01
4.955643513045342452e-01
4.924346111739159593e-01
3.571196541286152937e-01
3.287472714837441634e-02
1.233586200174855430e-01
4.953132923550189193e-01
4.054847011275661273e-01
3.297182115955015758e-01
3.652308051774538766e-01
1.834519351048687352e-01
3.318546802205164514e-01
2.661917782556531553e-01
4.218274624870685940e-01
3.718358685146074816e-01
1.572483969189274466e-01
3.881345837556403056e-01
2.499147205276092132e-02
3.415428604231111609e-01
1.880034926839283527e-01
2.262504725075588086e-01
4.913144573269913606e-01
1.270634840259219911e-01
2.923266391062088743e-01
4.594215358918893877e-01
2.350449989010842677e-01
1.858058432658293846e-04
9.988937865243219250e-02
4.753917305741400812e-01
7.345309975996111573e-02
1.310789568149779427e-01
2.981351044170189590e-01
2.693548535332501714e-01
4.144344433667325189e-01
1.250605649368552452e-01
2.544974317904846739e-03
4.936382297077771542e-01
1.891557443799275484e-01
3.891675505650765698e-02
4.968227423384469765e-01
3.858135514035723745e-01
4.181643510502527361e-01
1.375722737258349704e-01
2.985826488554967351e-01
4.140180748658454091e-01
1.594628882714625995e-01
6.366730385293745131e-02
1.150238410837950420e-01
3.859546783989314944e-02
2.104566428610858964e-01
1.744876696826233031e-01
4.542063374728358416e-01
9.679140694617016649e-02
4.299386295546934744e-01
8.426620652349003926e-03
2.306443644620218558e-01
4.832537250136472173e-01
2.836756110810617626e-02
5.444961128068825928e-02
6.654646439835493199e-02
1.536116726555839529e-01
4.508153502834613691e-01
2.504111614669979891e-01
4.161562660760305676e-01
3.856793982038747015e-01
1.155844414706808099e-02
4.239973808622353180e-01
1.061870666675430175e-01
4.617891315927942775e-01
1.253970158171465177e-01
3.096018278801215828e-01
2.603928843450190045e-01
3.472314681925616764e-01
7.857517346143350068e-02
3.621595244172881034e-01
3.788776985058467384e-02
3.354777705679223843e-02
1.011334327412072298e-02
2.878829593690044875e-01
1.068980375874473698e-01
2.390438193497981811e-01
4.204006295554932326e-01
4.069696697147353048e-01
3.015476796215559308e-01
3.489676524447266615e-01
1.026447260698771791e-01
6.349048102934479187e-02
4.143983536425021041e-01
1.458161834879799779e-01
7.479406620899453628e-02
1.251078659088302736e-01
1.429895885704133840e-01
4.513014534238790620e-01
1.675321046875661302e-01
1.701004189523986909e-01
1.852222781428606857e-01
1.679911522356093978e-01
4.098154439943375027e-01
1.817383816364728788e-01
2.488767968943230713e-01
3.030832041243468056e-01
3.067897045397547373e-01
1.984113765450336575e-01
4.576630186150313917e-01
3.309220010863790362e-01
3.904711346304262642e-01
4.699653036715996657e-01
3.686814622240516814e-01
4.691076185978071966e-01
2.730747775529296373e-02
7.218250140040499696e-02
1.534400337691393390e-01
1.078395054997378644e-01
1.685538430270758781e-01
4.097520555065068404e-01
4.926961025643693537e-01
2.735256073594077297e-01
3.393865686087351174e-01
1.267267579614056450e-01
4.000365045785571061e-01
2.032963525376102476e-02
7.269626051003724720e-02
1.333394420700275140e-01
1.491165773393802740e-01
2.359778375714915999e-01
4.606427248631127513e-01
2.327512690615268220e-01
8.148307838541585246e-02
3.798316447875318969e-01
2.263745325325174917e-01
3.409626142755096678e-01
2.083817985124052363e-01
9.278142696527136302e-02
2.561509652152743066e-01
4.463199960343532946e-01
3.960946354200732822e-01
2.250241629067250559e-01
1.682684559956718062e-01
1.558532209474279284e-01
1.263709312208836089e-01
1.381730482254674985e-01
1.027327866826918679e-01
3.604703033369790477e-01
2.259997107567490171e-01
7.524270916107783647e-02
3.380674618433058831e-01
3.988062097282141227e-03
4.879962494029344011e-01
2.620514484870496985e-01
4.130399798760642227e-02
3.261015473604649828e-01
2.927421074270410983e-01
2.969214424863078627e-01
3.111516072440394520e-01
3.779346130068451659e-01
3.027159351007898680e-01
3.379893054860724777e-01
2.003247469993335583e-02
9.622035776688303566e-02
2.357839707727589773e-01
3.389232646020571282e-01
2.452685114288484791e-01
3.841153795481306310e-01
1.692867559668840283e-01
2.927239215665149441e-01
3.450916583451497655e-01
3.734380008069471679e-01
4.707255936699918375e-01
3.706058045278625701e-01
3.771779083915204889e-01
1.525593326243678827e-01
6.767833838555065151e-02
1.696913951136104770e-01
3.272406610991200893e-01
2.042269662187786161e-01
2.683676199791285022e-01
6.703243886190718426e-02
3.644411159195093397e-02
8.910829780111262366e-02
4.469723866685995084e-01
2.319204865426221507e-01
1.529082190864977098e-01
1.204182593834579595e-01
4.013153779076833461e-01
4.890599482795714437e-01
7.737791077581068766e-02
1.647661610327174064e-01
7.549789424796837789e-02
3.375332662866422639e-01
2.444380906616190896e-01
3.623350604946894427e-01
3.515702239936006057e-01
4.285106800394998250e-01
3.322306779842685853e-01
4.474426637533843176e-01
2.598944671458270350e-01
3.327659924122642887e-01
4.470611096574781396e-01
3.785334376350623642e-01
1.784749871848854696e-01
8.918379725391933910e-02
4.991513939719891546e-01
7.068862594799552035e-03
7.369630778484276279e-02
9.764021185516491563e-02
1.311480131352517065e-01
2.389256991684035603e-02
2.994363230744691573e-01
2.257236083254282599e-02
4.923273217169223392e-01
4.443953191176023831e-01
2.137249152261622154e-02
3.475558920521437112e-01
1.317180507494528086e-01
3.124010672098082586e-01
4.515180354268784058e-01
3.568448912045288357e-01
1.382658342298296317e-01
3.500280891286559060e-01
2.962905554976880129e-02
4.984554637946619349e-01
3.367288573947284092e-01
3.517414828048042730e-01
2.678767486809232046e-01
7.947980305459073636e-02
3.007507977959659740e-01
4.406162246617651435e-01
9.811176869540361167e-02
8.968248495376307527e-03
4.497737980049733020e-01
2.561951737630072667e-01
4.702778139406536551e-01
2.309432578823699678e-01
3.427067304883567034e-01
2.387498072765156798e-01
5.364775358062068289e-02
6.549265882653088067e-03
4.147060599728831787e-01
1.831902885378322576e-01
3.091353224171722314e-02
1.223752307324895705e-01
3.918934966391907637e-01
1.274547044841463639e-01
1.799037347055451042e-01
1.719586244299243782e-01
3.894775762937168762e-01
4.219652686145117793e-01
3.113509887685358413e-01
4.813888265789471599e-01
1.286419782205399098e-01
3.211257574915034607e-01
5.641700731155235848e-02
4.578555394672196299e-01
1.429559580590666901e-02
4.503895502181920474e-02
2.844251296490392100e-01
1.502661327234824373e-01
4.204897391767601356e-01
2.967666118245461671e-01
1.902590919291978766e-01
1.053370926962607368e-01
4.492791537737683694e-02
4.016261412521185403e-01
3.608230745229040193e-01
3.771686876834218216e-02
2.706469524818153616e-01
2.754048839652608605e-01
6.430594550090884542e-02
3.333138371549424495e-01
5.721552761256776254e-02
1.707441419328596943e-01
1.590230050224752389e-01
4.038556471427896533e-01
9.340848406807894522e-02
2.220351198855791131e-01
1.865224088626936672e-01
1.683944348852034478e-01
1.888346818303035524e-01
4.499907796719425646e-01
4.880063582313418080e-01
1.751552854924400271e-01
9.017865364239696646e-02
7.112788821292348462e-03
1.748034820522159638e-03
2.239076163983517165e-01
3.488187469140258679e-01
4.532119625252645223e-01
4.103457162256433643e-01
2.417527355952563406e-01
4.829227918099106009e-01
1.095920203381605673e-01
5.904916882258226529e-02
2.470101564599810895e-01
3.777811960132535507e-01
7.466242958016133802e-02
1.285479570268943106e-01
3.923447274599889401e-01
3.113884869637421615e-01
2.019026131662533530e-01
1.619271398945899554e-01
1.520912942574695892e-01
1.340943105670402424e-01
3.167301947129406714e-01
2.592937422840539963e-01
1.845170589565658936e-02
2.994810419535421375e-01
2.095887658598616365e-01
3.685130196519326162e-02
4.598898902664128041e-01
2.169491405904810932e-02
8.512522834381130998e-02
4.875993788351928315e-01
3.442605070170573489e-02
8.691008536860184153e-02
7.766182800735033087e-02
4.281923432362291781e-01
3.212585642932180852e-02
3.294092854595105369e-01
4.687146275600438949e-01
2.986589135696702257e-01
1.170327642484912389e-01
5.303405706934011254e-02
2.707782808061423574e-01
1.691000674599184017e-01
5.760039137542760646e-02
1.110926193770582771e-01
1.434838870109767517e-01
3.750189033558859464e-02
2.456431310585684424e-01
4.785841096577103659e-02
9.795179541138310242e-02
4.938458344235588382e-01
4.685785342705552359e-01
1.200992737314701131e-01
3.771173524647933317e-01
1.657849511495107508e-02
1.373177490299959391e-01
1.127774510944297703e-01
4.660780499711618674e-01
2.073126263048583606e-01
1.381321290423337400e-01
4.885203673323387230e-01
4.115385707747398758e-02
1.710286505612940156e-01
1.881817932001086380e-01
4.238986024330959057e-01
8.062372791835820118e-02
4.415189115606310555e-02
2.534451080207966722e-01
4.982349999293579357e-01
3.815288526014587456e-01
2.965126825175163905e-01
4.364122941192101202e-01
3.935393973358121134e-01
8.501490906044056883e-02
7.781873863845406580e-02
2.184409173150632655e-01
2.143354235661598106e-01
2.011734220671474449e-01
4.378247761560030704e-01
1.873182843711777013e-01
1.034006444143057424e-01
2.607200124478181724e-02
1.356875283079102545e-01
3.279678428640617205e-01
4.383239621870214098e-01
9.403758187114735767e-02
3.041674514668877283e-01
1.535707248794898061e-01
2.460145696793730186e-01
1.265231472772063714e-01
4.025365829009003305e-02
4.919588626154138278e-01
3.123299628207110157e-01
2.567726547949713001e-01
1.210885407887898335e-01
1.073813241736783497e-01
1.040124700509286182e-01
2.741463993186842862e-01
3.360490878394244429e-01
3.143029090748611365e-02
4.352920260386061724e-02
1.191752117473429684e-01
1.654298897326992313e-01
2.750779783365014941e-02
2.147628116340414839e-01
4.225233555618012615e-01
3.938359589758744228e-02
2.933672760407685653e-01
5.042849728968917811e-02
3.944307389750723036e-02
2.861916175808726925e-01
1.860732773558821385e-01
2.582030355945981737e-01
1.548352110331543963e-01
3.037687746555040036e-02
1.670647460810936735e-01
4.534359969059470474e-01
2.357639975397829990e-01
2.131553568321540859e-01
2.983791149464465331e-01
8.980692265756318182e-03
1.363580552514621069e-01
2.993130407620139266e-01
3.826405038258620106e-01
3.430672255251387415e-01
3.005732194945712754e-01
4.648777400181609010e-01
8.148213519060032439e-03
6.418356648076251059e-02
1.328441238461480767e-01
4.617239838788167461e-02
1.293836052816748627e-01
3.708838344400078313e-02
4.924859744973371090e-01
3.308233829793794656e-01
4.655022707747953348e-01
4.803679115024006019e-01
3.729485699524012765e-01
3.134328091871600996e-01
4.791827721691861997e-01
1.423017642162877627e-01
3.406554074747775163e-02
1.716871265984659667e-01
2.895508297399102537e-01
4.638828082340480385e-01
6.974641716795404456e-03
4.151557185316947507e-01
2.490143466552593998e-01
4.575101291993908803e-01
4.751728505701163785e-02
3.456611463779263871e-01
3.030495330147344735e-01
3.652416866277349849e-01
2.623822332523104151e-01
9.659947753558484340e-02
4.154513843832385311e-01
2.638683214874420480e-01
4.914276239089802045e-01
1.835704617622248569e-01
3.598924721432728013e-02
3.067742675269768959e-03
1.175298488969959143e-01
1.259171760467697743e-02
1.026156764491675255e-01
3.562852244212996178e-01
1.865252041593350452e-01
1.881784635004807305e-02
4.955288555001759465e-01
4.356782401057274767e-01
2.551466948821425329e-01
3.010479835543226068e-01
3.690547057008644050e-01
1.616182550125887518e-01
4.094555096987705922e-01
2.835140459109801725e-01
7.172856263571819602e-02
4.640384619939050270e-01
1.165766302965516310e-01
3.232961014287056289e-01
4.658914592435830504e-01
2.418144960465348769e-01
7.272332537109782447e-02
4.426625156156107077e-01
1.814218090477505707e-01
1.491438149053389561e-01
9.499188662899282765e-03
2.014381066706274481e-01
3.977608514213534230e-01
6.680848897218871763e-03
1.355945316643669130e-01
2.620070922397976787e-01
2.911881974405459150e-01
2.559885237023610260e-01
2.492476728635165117e-01
1.881428075155363588e-01
4.794275196064087252e-01
4.550006085260249189e-01
1.661260010540652754e-01
1.460256958133945848e-01
4.060271195504645547e-01
2.233592375451155521e-01
1.795161682737673181e-01
2.349608886886558334e-01
3.817031616014382456e-01
2.198963303190932250e-01
4.893153625162619536e-01
1.531262687547919610e-01
8.100766324452568501e-02
4.734568501414366248e-01
6.289111581183526312e-02
2.891544445764837601e-02
3.544169007180434927e-01
3.742278442731920562e-01
1.154000224749319736e-01
1.693256300748620102e-01
1.764231797391002110e-01
3.461981500909971921e-02
3.275980387563998120e-01
4.935765355500276730e-03
3.541881703815958349e-01
3.070024411593876845e-01
2.637841635300671173e-01
2.580516930490440730e-01
9.654653150338571299e-02
7.943332385321877354e-02
4.073274641512812377e-01
1.303949664942612996e-01
1.752762784096744131e-01
2.445083560679526813e-01
2.135011990538774884e-01
1.383165183718487734e-01
2.819878876172554616e-01
4.432750869191479648e-01
5.738371002695641376e-02
4.798388429088806251e-01
6.023896140005308153e-02
4.847433928049023621e-01
2.538311163460750253e-01
9.225128998779580369e-02
1.611415893029455870e-01
4.681940861407263288e-01
4.865735223730654480e-01
8.995147826828858717e-02
3.489068978573637847e-01
3.786355755187611472e-01
2.051422947074119096e-01
7.667281391446051364e-02
1.075292348022029443e-01
1.748513768345738018e-01
4.187775658774934850e-01
2.431919077091113102e-01
4.905362666638450886e-01
2.150585810250665308e-01
4.331363731691332819e-01
8.439307750693614274e-02
5.850463846604164742e-02
1.188105300456229196e-01
1.183871741868162686e-01
1.516971434082214354e-01
2.041113246111054269e-01
4.263899705568734433e-01
4.426192400175552599e-01
4.307125701507150128e-01
2.852857295005999938e-01
4.391518408470090895e-01
8.293209435416931674e-02
7.786858854908895733e-02
4.863192952465614227e-01
2.791982924638053976e-01
4.003388245025273906e-01
1.510506977488421665e-01
2.754260935967644541e-01
3.071508377726606120e-01
7.393770906297658652e-02
5.635970131872503064e-03
2.642720312948698136e-01
2.626311233260958389e-01
4.623313922070292903e-01
1.389508770469340404e-01
1.539093447414335847e-01
4.540214830333965113e-01
6.690883199109592949e-02
3.972720630572665890e-01
1.833227460236953044e-01
4.683889058205153999e-02
4.136360924425924734e-02
3.505954741578826139e-02
1.156402022829209897e-01
6.132366708171643754e-02
8.029456565849268923e-02
2.628521989394154712e-01
1.209351994510922124e-01
3.669021117103887786e-02
6.768131790099235490e-02
3.229729143485430831e-01
3.491117899926365342e-01
1.526822112853404856e-01
4.992656418097098925e-01
4.287342234498446314e-01
2.352440284685738958e-01
2.641516596937090733e-01
3.398862948013604557e-01
4.457439304820825510e-01
2.175810796147634729e-01
2.929285249318679951e-01
1.624742903468310851e-01
1.543703697360232496e-03
2.612601455839654863e-01
1.330285804449333198e-01
3.216189978867606269e-01
4.359789116511135765e-01
2.663563320238301335e-01
2.157381158397153609e-02
4.117581073839567396e-01
4.673340576260967549e-01
3.738177261114813965e-01
2.286174763354478223e-01
3.829710291922135412e-01
3.414350052521140100e-01
3.895547121583463612e-01
2.557598344373471777e-01
4.047157194071241415e-01
3.876569287189307600e-02
3.003850402630436900e-01
1.654140958221140822e-01
1.117574176692132104e-01
1.841399940618415609e-02
4.925864368202803600e-01
9.126021920413934785e-02
2.489023160746494656e-01
1.866299752367697740e-01
9.978645460795698696e-02
3.473410086087307946e-01
2.216858737374310384e-01
3.663767086316568333e-01
3.980790525682546543e-01
2.539195905214970961e-01
3.865146560110916396e-01
4.968918530736513017e-01
1.483832857265008909e-01
2.183226016110746404e-01
2.651328202494491193e-01
3.432032423410140698e-01
6.009456194452084121e-02
8.333474136341556537e-02
3.983324857828647869e-01
3.144459365319197675e-01
3.758830682543446988e-01
3.395424332326552608e-01
2.769046438707114532e-01
4.300048224835877897e-01
3.787220090865591748e-01
4.068171735253836574e-01
1.047176522271942023e-01
2.121995739479579091e-01
6.207206348068761148e-02
4.204166830091871643e-01
3.092258030389777868e-01
3.313083716500835885e-01
1.117883346635655806e-01
2.541072643592009461e-01
1.032072596099965489e-01
6.744289033756323271e-02
2.839717349912126987e-01
9.530969465110950001e-03
1.385823086269845628e-01
4.245327946684298026e-01
3.364402539682769255e-01
3.383805188519981022e-01
1.919630322253407240e-01
3.898801617143589637e-01
2.147288888498984916e-01
3.474677137934711890e-01
2.228886069903953104e-01
4.667765486184061730e-01
1.217444520079019599e-02
2.040725129298848750e-01
4.168150594191654679e-01
7.375035612652347528e-03
3.720139116304571614e-02
2.415993172317280613e-01
1.984447234415834260e-01
3.617335790027306763e-01
7.542063828294426342e-02
1.920585764591803968e-01
1.270253082793043609e-02
1.592921584362867460e-01
1.630689154325700718e-01
1.018418063986170630e-01
3.969891531433651921e-01
2.366539229929831012e-01
4.425772916085761177e-01
4.485294581563621930e-01
2.435920364758390466e-01
2.309154193889350615e-01
3.104731042697967403e-01
2.618347343950165884e-01
1.265062725779265151e-01
3.443191909926276995e-01
4.259782721486448653e-01
2.075429097831680281e-01
1.004828809217535590e-01
3.693139590224573943e-01
2.377475611161135594e-01
3.053432845624772241e-01
2.456948498829468752e-01
3.701803090466820878e-02
1.650370431341968147e-01
4.052607806821326153e-01
1.116889127931392500e-01
2.947883959082176486e-01
6.122954460645646524e-02
3.583122628023671652e-02
3.855304862363653773e-01
1.434191665931418558e-01
1.934706507808671705e-01
1.149931599823290074e-01
2.256067353616029170e-01
4.378559878228016622e-01
7.620572335049924373e-02
4.248350818922002059e-01
2.937172442636687419e-02
2.632805985138174654e-01
2.149186102820174749e-01
2.046200554157430740e-01
6.707434774362319718e-02
4.729883979733006671e-01
1.499217442405244016e-01
3.684711916156684919e-01
1.028502818698735499e-01
2.059281104230940018e-01
1.263346656026041459e-01
1.801180382466632812e-01
4.226534519760973829e-01
3.996797183424106170e-01
3.785498085098665255e-02
4.053377910998446909e-01
1.676220052963535156e-01
4.060032883496836331e-01
3.303981818868686471e-01
1.712746561239174015e-01
9.659426011925015265e-02
3.105996589834662536e-01
1.320832022656090454e-01
3.584737154110606561e-02
3.410192780235760668e-01
4.262429050546219789e-01
4.424076718674170849e-01
1.361949411067538418e-01
3.349718242957304692e-01
3.312167030339386864e-01
2.147943798387297321e-01
1.432023287481926643e-01
2.142882259478295914e-01
3.155570603995248580e-01
7.200006809401610086e-02
4.718355755013702857e-01
3.391170573867314797e-01
2.355215334428498175e-01
2.712053511592436572e-01
4.259992853365635046e-01
5.094949703713602673e-03
1.853729074131427179e-02
3.361048305406993952e-01
1.245541565372805248e-01
3.075628783964149959e-01
4.892737932322261396e-01
6.519848119231941297e-02
4.103051744714849014e-01
1.660263643162772085e-01
1.005305896578685410e-01
3.558917556184145736e-01
2.514768376035481645e-01
3.042618435316296055e-01
1.867153699272705025e-01
2.815334755095821873e-02
2.756707888560821496e-01
2.821369761741299720e-01
2.218846921477287681e-01
4.292879849369464207e-01
4.065622790190969726e-01
4.598808024234747327e-01
4.678822180647714268e-01
1.159873194381441652e-01
2.967756065303606139e-01
1.614341939672498394e-01
4.364494511383699149e-01
1.518997201342967562e-01
3.148264526848041922e-01
1.659605620332126330e-01
1.969752460568602315e-02
3.727456188401946924e-01
3.211619540736963541e-01
4.061017779172099162e-01
4.218737493977131603e-02
2.479160020498107353e-01
2.392007556935227264e-02
2.455685219224602589e-01
2.184251552571017663e-01
1.117158435650237314e-01
4.931174916252544227e-01
1.903331258682156024e-02
3.994125804238565225e-01
2.505844344884047836e-01
1.876160113424493181e-01
4.975197624891767312e-01
2.542225642477443093e-01
1.201120634935752274e-01
3.548536084055184947e-01
4.844996238747451556e-01
2.188118503681481530e-01
9.057311637373666180e-02
2.789556688355548375e-01
1.997900538008184346e-01
4.430863023530652312e-01
4.166029089776074890e-01
9.692627857889246634e-02
4.260257130327333996e-01
4.880417540900028328e-01
1.936465289023825420e-02
2.310828212810922544e-02
1.504442975512346181e-01
2.999213242519793710e-02
1.561815691772180936e-01
1.670596052867560077e-01
1.694036706772689138e-01
8.844729241579801782e-02
1.159585045863669173e-01
3.351542082057963334e-01
1.538819110025770320e-01
2.567713154603911696e-01
4.908408626991216939e-01
4.987975581231700595e-01
1.674597660213245076e-02
2.094739824511263615e-01
1.151423651978910057e-01
4.533269129693857646e-01
1.935196537380803883e-01
3.974989279671975462e-02
4.767479723995232122e-01
1.689938311754896616e-01
3.375826380012642014e-01
4.066525615794999715e-01
4.091725307233681774e-01
1.616693915883862798e-01
2.529593901644590082e-01
3.645223092728714365e-01
3.212383787627931531e-02
1.141055866132200114e-01
8.600605550847983949e-02
1.259702658939690911e-01
4.429129439756914199e-01
2.349278817365093586e-01
3.788515190382324982e-01
3.071926125163261800e-01
3.669957368615859306e-01
4.047901730003127807e-01
4.407507618695505336e-02
2.867542333433220070e-01
4.195742217763415161e-01
3.454288937487534072e-01
5.878262920852522777e-02
1.238362463162719918e-01
5.264790493836563057e-02
3.369505651804746149e-01
4.228982343847708103e-01
2.719613816803108652e-01
1.526727062977396021e-01
1.868394439630925996e-01
1.790544981374656563e-01
4.183675918335612587e-01
2.733741181455575098e-01
1.603648200481383457e-02
2.606658850721867982e-01
4.993881893974772557e-01
4.309606757937163302e-01
3.996835898255185482e-02
4.346876664986545347e-01
5.708369718499295420e-02
4.213095830872917724e-01
2.434362876328038938e-01
1.043131542877998030e-01
2.540676452075047442e-01
4.854011317434220874e-01
4.332872347017847625e-01
1.207546143863230670e-01
1.983259975541288300e-01
4.174355905816711787e-01
2.379412532354930332e-01
3.964350349711600607e-01
4.422010495211544101e-01
3.993666566734889734e-01
1.154803640250178787e-01
3.593160441034685126e-01
3.121730300293916183e-01
1.531042331342084006e-01
4.751246497820740822e-01
2.224784730255209841e-01
1.934460822778162337e-01
9.077861672864756537e-02
1.221449548571649224e-01
2.597336332576888895e-01
1.629194999419041889e-01
1.429977775234372861e-01
2.169230553909806680e-02
2.189204130538380255e-01
3.141520165007151144e-01
2.443653248181452686e-01
7.349006351486814248e-02
1.489416224230044605e-01
4.920844686199438156e-01
3.362321108902180389e-01
2.333017034713974480e-01
3.043046566320907753e-01
4.677149838031346429e-01
2.629075530636551528e-01
8.494044987602650254e-02
1.983325353533543778e-02
3.617798226953962692e-01
2.871225383437185363e-01
1.830286554470489380e-01
2.751052891062846784e-01
1.293105097761242384e-01
3.607554288389240305e-01
2.461549588766284158e-01
3.872506285926482494e-01
3.642090793286372197e-01
3.399975725423883821e-01
2.370784176423675893e-01
2.118680329996829870e-01
4.802186029986714177e-01
4.500152555161976431e-01
1.388228250490324833e-01
7.417479799417386888e-02
2.418929291370498502e-01
3.297804990966531902e-01
2.784405392883132491e-02
4.781386732051068345e-01
1.631359211733407477e-01
2.218842115297756101e-01
3.359744049956121525e-01
2.972381361548607215e-01
4.358946434242180201e-01
3.130243681869981920e-01
4.034956532694511377e-02
2.543614306700341943e-01
3.664972670385515108e-01
2.252796033010657228e-01
1.765822454273643372e-01
8.889609663341219159e-02
2.758799853240739841e-01
3.097618864209162881e-01
1.423195570034669899e-01
1.662971057831594823e-01
1.630460996184773248e-01
2.600481952101335037e-01
2.709572013329342721e-01
4.571666524543673837e-01
2.371917829395431276e-02
2.824064989198538655e-01
3.491994259727726480e-02
1.171092902318282558e-01
2.869138080473006003e-01
2.504946035429731488e-01
4.951225684006904659e-01
2.997179029063878897e-02
2.436756602532285654e-01
4.506766641257271000e-01
4.175838214855354669e-01
2.486734193924098890e-01
2.981479845616305524e-01
1.868557817603198057e-01
2.740594271911122037e-01
9.937289339019067524e-02
3.333218935681451223e-01
1.864770443216675622e-01
3.047177382333955964e-01
1.377900744756443974e-02
2.203150148892993321e-01
4.593077157107871011e-01
2.992383614372580714e-01
6.257003002570499239e-02
1.259600597274080913e-01
1.959779813721574393e-01
1.107077380176137993e-01
3.645928994808379509e-01
7.781565826709552214e-02
1.829472445796564983e-02
2.647833144085162682e-01
2.647200529425238757e-01
1.806090491174350832e-01
1.992766221677744198e-01
2.407753575228552823e-01
2.402028186363497908e-01
4.806197410339725362e-01
7.436257887439590153e-02
4.989949818537694481e-01
4.389850219756770699e-01
3.971456002905088822e-01
1.917141597050253665e-01
1.344529561407987739e-01
2.212843747846094389e-01
1.364224951624616322e-01
7.568599185151808628e-02
4.595968514982790021e-02
1.105510122019497943e-01
2.074627361701972261e-01
2.788145433800359729e-02
2.895009779978137132e-01
2.747023197953107343e-01
1.564153507604802984e-01
2.994673069652916686e-01
1.099798998610877487e-01
4.095327452054617901e-01
4.904797295023977655e-01
2.681557496440609700e-01
3.385499997406288264e-01
4.244820297556081146e-01
1.961070692633633539e-01
3.542073786491636844e-01
1.756206230154913617e-01
1.994613945988645831e-01
5.357197579147754407e-02
4.612975322378135012e-01
4.078947508775254693e-01
3.729767710261365776e-01
1.994559869134199803e-01
1.777117275592641210e-01
2.151118796471024330e-01
1.942786272678657111e-01
3.542806725478431229e-02
2.048401101960332649e-01
1.436793803341963049e-01
1.093969209136878562e-01
1.798749372582036932e-02
3.051460662211647468e-01
3.359721217534877846e-01
2.936387860208328204e-01
2.844419728895600796e-01
2.530462625144969113e-02
2.610741896466840517e-01
2.953157391123172326e-01
2.108161457748953249e-01
4.029827048638961462e-01
3.304063830555002967e-01
2.047684442415307338e-01
1.430860586785417388e-01
