7.295542582869529724e-02
1.640226533636450768e-01
1.004655603319406509e-01
2.119955653324723244e-02
7.732437397353351116e-01
4.559140279889106750e-02
1.878484664484858513e-02
3.766187259461730719e-01
4.230188196524977684e-01
2.339684031903743744e-02
6.226519495248794556e-02
8.733925223350524902e-01
5.955073178047314286e-01
6.590275093913078308e-02
2.303538175299763680e+00
5.232652169652283192e-01
1.066846204921603203e+00
2.914546063169836998e+00
6.355514535680413246e-01
1.367935642600059509e+00
1.121737807989120483e+00
2.579350695013999939e-01
2.278426773846149445e-01
2.420430630445480347e-02
1.111316839233040810e-01
5.936076864600181580e-02
2.810771982185542583e-01
0.000000000000000000e+00
1.969165590126067400e-01
1.838410969357937574e-01
3.669669735245406628e-03
4.755399525165557861e-01
1.206761039793491364e-02
2.718865498900413513e-01
5.661573112010955811e-01
9.689403399825096130e-01
6.536643207073211670e-02
1.085919212549924850e+00
7.083299569785594940e-02
1.023685764521360397e+00
1.329557411372661591e-02
3.899914994835853577e-01
2.714596308651380241e-01
1.140191312879323959e-02
3.334334376268088818e-02
8.873976767063140869e-02
3.089853934943675995e-02
1.091996010392904282e+00
3.584800316602922976e-01
5.808018445968627930e-01
2.108837440609931946e-01
6.328814756125211716e-02
2.176688387989997864e-01
2.206823183223605156e-01
1.588535383343696594e-01
4.140395224094390869e-01
1.449862025910988450e-01
1.231057234108448029e-01
1.336371213197708130e+00
5.001004189252853394e-01
2.782430499792098999e-02
3.468640772625803947e-01
3.517015464603900909e-02
2.777477819472551346e-01
5.957692489027976990e-02
6.861773878335952759e-01
1.826624274253845215e-01
1.050342023372650146e-01
3.060215730220079422e-01
6.315355002880096436e-02
5.778660438954830170e-02
6.856908090412616730e-02
5.929179489612579346e-02
1.353840716183185577e-02
5.267905825749039650e-01
6.599055491387844086e-01
1.097720414400100708e-01
3.559918527025729418e-02
8.438837446738034487e-02
5.328749418258666992e-01
1.843761593336239457e-01
7.416929118335247040e-03
5.983266399707645178e-01
2.169793085195124149e-01
5.493375891819596291e-02
9.574642777442932129e-02
2.774182856082916260e-01
3.462502732872962952e-02
1.208979697898030281e+00
7.892961613833904266e-03
4.558376967906951904e-02
3.068262338638305664e-02
9.518645703792572021e-02
1.063259926624596119e+00
9.046379476785659790e-02
4.837957043200731277e-01
6.868771743029356003e-03
1.373850852251052856e-01
1.376199574442580342e+00
0.000000000000000000e+00
2.616196461021900177e-01
6.680798175511881709e-01
6.364363878965377808e-01
4.863533969037234783e-01
1.344865071587264538e-03
3.671379812061786652e+00
9.396026842296123505e-03
1.211486198008060455e-02
2.544127963483333588e-02
2.109890570864081383e-03
3.197037568315863609e-02
1.815746910870075226e-02
1.446253340691328049e-01
3.414819203317165375e-02
1.000507655553519726e-01
1.296079684980213642e-01
3.505709767341613770e-01
2.703147754073143005e-01
6.779040172696113586e-01
0.000000000000000000e+00
0.000000000000000000e+00
7.134630531072616577e-02
0.000000000000000000e+00
1.296002403367310762e+00
1.274357968941330910e-01
4.994298331439495087e-03
3.447523862123489380e-01
1.129783965647220612e+00
1.194713171571493149e-01
8.637878745794296265e-01
8.356011379510164261e-01
7.188656497746706009e-01
8.133624494075775146e-02
1.488479552790522575e-02
2.177577028051018715e-01
5.748670361936092377e-02
0.000000000000000000e+00
2.788549172692000866e-02
3.761577395489439368e-01
7.261741161346435547e-02
5.515021097380667925e-02
2.162898965179920197e-01
2.831823192536830902e-02
1.270595428533852100e+00
4.915948957204818726e-03
2.016589343547821045e-01
9.846705570816993713e-02
7.191976308822631836e-01
4.490662831813097000e-03
9.066196680068969727e-01
1.004625866189599037e-01
0.000000000000000000e+00
1.495496492832899094e+00
5.257001374848186970e-01
8.008018136024475098e-01
2.118463246151804924e-01
6.452917214483022690e-02
5.388528574258089066e-03
2.645136788487434387e-02
7.095751538872718811e-02
0.000000000000000000e+00
3.414566814899444580e-02
1.960018448531627655e+00
4.624248109757900238e-02
5.630533397197723389e-02
1.380347739905118942e-02
7.511640377342700958e-01
3.077322021126747131e-01
4.154765605926513672e-01
6.145356297492980957e-01
1.716640908271074295e-01
1.297950278967618942e-02
9.014958888292312622e-02
8.193804358597844839e-03
1.384039930999279022e-01
7.834131699055433273e-01
3.116829991340637207e-01
6.712388340383768082e-02
1.147388294339179993e-02
0.000000000000000000e+00
0.000000000000000000e+00
1.165796350687742233e-01
2.222268618643283844e-01
2.246640399098396301e+00
2.912312820553779602e-01
0.000000000000000000e+00
1.223893789574503899e-01
3.232067883014678955e+00
3.977908939123153687e-02
1.668943203985691071e-01
9.791089221835136414e-02
1.019363164901733398e+00
3.341339528560638428e-03
1.351659893989562988e-01
0.000000000000000000e+00
5.357573889195919037e-01
1.424544677138328552e+00
0.000000000000000000e+00
1.693496808409690857e+00
1.220423937542364001e+00
1.792034705635160208e+00
9.478363394737243652e-01
5.947605408728122711e-01
9.724132046103477478e-01
2.270090721547603607e+00
1.428840532898902893e-01
1.533741712570190430e+00
0.000000000000000000e+00
3.084293799474835396e-03
1.097491025924682617e+00
8.380848169326782227e-01
5.103093907237052917e-01
2.747824732214212418e-01
5.405132286250591278e-01
5.774860386736690998e-01
1.469798527657985687e+00
1.291938498616218567e-02
6.912097157910466194e-01
3.971707234159111977e-01
1.361813992261886597e-01
0.000000000000000000e+00
7.225226072478108108e-02
4.981217673048377037e-01
2.717307648126734421e-01
4.040018189698457718e-03
1.980842463672161102e-02
2.109323889017105103e-01
9.312967956066131592e-02
0.000000000000000000e+00
8.737877942621707916e-03
5.077852308750152588e-02
7.674794793128967285e-01
5.129245379939675331e-01
2.856188490986824036e-01
5.731216371059417725e-01
4.539150353521108627e-01
6.885772198438644409e-02
7.697527966229245067e-02
1.676214933395385742e-01
3.125813510268926620e-02
7.487628012895584106e-01
9.675545990467071533e-01
3.050715522840619087e-01
0.000000000000000000e+00
4.837895045056939125e-03
1.748028025031089783e-02
4.087470853701233864e-01
1.440444529056549072e+00
1.076184538193047047e+00
0.000000000000000000e+00
6.345262564718723297e-02
2.550405841320753098e-01
4.931404222734272480e-01
5.601609032601118088e-01
5.221592336893081665e-01
0.000000000000000000e+00
5.654451276641339064e-01
7.183280587196350098e-01
4.329829607158899307e-01
1.237725578248500824e+00
5.516190230846405029e-01
2.277381569147109985e-01
1.332964235916733742e-01
4.058918803930282593e-01
6.681233560666441917e-01
5.067644640803337097e-02
6.139181479811668396e-01
0.000000000000000000e+00
3.260465832427144051e-01
1.258970610797405243e-02
1.504600192420184612e-01
1.526953214779496193e-01
1.061718445271253586e-01
3.203723832266405225e-01
3.587567817594390363e-01
0.000000000000000000e+00
5.907173743471503258e-01
9.166907863691449165e-01
3.486335277557373047e-01
3.635368943214416504e-01
9.644903838634490967e-01
1.032147393561899662e-01
2.150856256484985352e-01
5.476385715883225203e-01
2.246104180812835693e-01
1.111469451338052750e+00
2.992158010601997375e-02
6.194980069994926453e-02
2.884738706052303314e+00
1.134434035047888756e+00
0.000000000000000000e+00
5.972514674067497253e-02
5.431258119642734528e-02
4.127618670463562012e-01
1.411541253328323364e-01
4.524509310722351074e-01
5.860682940110564232e-01
1.330803427845239639e-01
3.045246284455060959e-01
2.130743056535720825e+00
2.076818421483039856e-02
1.150074950419366360e-01
6.731031415984034538e-01
2.488756674865726382e-01
4.620621551293879747e-02
1.490326154162175953e+00
2.142979949712753296e-02
6.179474964737892151e-01
2.483835323655512184e-01
6.391367614269256592e-01
3.379115723073482513e-01
3.408646620810031891e-01
2.062347414437681437e+00
1.061381101608276367e+00
5.029304716736078262e-01
5.931338015943765640e-01
3.387842420488595963e-02
9.398028254508972168e-02
1.150758385658264160e+00
5.916749127209186554e-03
0.000000000000000000e+00
0.000000000000000000e+00
1.048924252390861511e-01
0.000000000000000000e+00
2.753518708050251007e-01
7.157444860786199570e-01
1.329591963440179825e-03
6.404436014126986265e-01
4.003913700580596924e-02
4.587217234075069427e-03
1.652809530496597290e-01
3.263006452471017838e-03
4.854870587587356567e-02
9.643396339379251003e-02
0.000000000000000000e+00
4.316430538892745972e-02
1.274515502154827118e-01
2.478548083454370499e-01
1.786698833107948303e+00
2.595003154128789902e-01
2.982130274176597595e-02
6.963431239128112793e-01
5.730435377918183804e-01
9.040420707315206528e-01
1.454117484390735626e-01
9.691530093550682068e-02
1.358020254410803318e-01
7.456857897341251373e-02
5.494187325239181519e-01
0.000000000000000000e+00
2.240342348814010620e-01
5.247612595558166504e-01
1.278009265661239624e-01
4.947307649999856949e-01
4.377011284232139587e-01
1.651251763105392456e-01
4.057249650359153748e-01
4.762600921094417572e-02
2.875729934312403202e-01
9.572923183441162109e-02
1.806309074163436890e-02
3.064371412619948387e-03
2.228844910860061646e-02
2.568771000951528549e-01
7.139403596520423889e-01
1.079959794878959656e-01
6.448603235185146332e-03
8.522868528962135315e-02
5.225736275315284729e-02
1.318692088127136230e+00
1.490262657403945923e+00
1.245959028601646423e-01
2.250268682837486267e-02
3.856134004890918732e-01
3.429858433082699776e-01
0.000000000000000000e+00
7.830070704221725464e-01
4.846406489377841353e-02
6.113378107547760010e-01
2.954660172108560801e-01
0.000000000000000000e+00
1.259874463081359863e+00
1.118055695667862892e+00
2.022781372070312500e-01
0.000000000000000000e+00
5.121086165308952332e-02
1.796223553828895092e-01
4.590503871440887451e-03
2.919939378625713289e-01
1.243265904486179352e-01
2.411000356078147888e-01
0.000000000000000000e+00
5.645513832569122314e-01
5.685931518673896790e-01
2.056086659431457520e-01
2.650751581182703376e+00
4.890059866011142731e-02
2.090297602117061615e-01
4.745022496208548546e-01
5.711073875427246094e-01
4.556748764589428902e-01
2.485737502574920654e-01
0.000000000000000000e+00
2.117612585425376892e-01
9.625958278775215149e-03
2.922134766355156898e+00
8.074217699468135834e-01
3.727708179503679276e-01
7.073158025741577148e-02
3.317584395408630371e-01
8.749040104448795319e-01
1.293635796755552292e-01
0.000000000000000000e+00
8.312001824378967285e-02
7.728415839374065399e-01
1.921710493043065071e-01
5.650455486029386520e-01
2.642942033708095551e-01
3.326209187507629395e-01
9.930788977071642876e-01
1.124566737096756697e+00
1.130513995885848999e-01
6.377258151769638062e-02
9.154106816276907921e-01
0.000000000000000000e+00
8.813528586179018021e-01
0.000000000000000000e+00
7.425105348229408264e-01
1.266757398843765259e-01
6.415430586785078049e-01
3.919389969669282436e-01
3.971976344473659992e-01
0.000000000000000000e+00
9.109857492148876190e-03
3.710931602399796247e-01
4.409203602699562907e-02
0.000000000000000000e+00
3.062346801161766052e-01
8.121898397803306580e-02
8.268452389165759087e-01
1.280698910355567932e+00
0.000000000000000000e+00
3.580606356263160706e-01
7.335134674212895334e-02
7.407302409410476685e-02
5.064419470727443695e-02
1.155195944011211395e-01
6.975220367312431335e-01
3.847302710637450218e-01
6.628185696899890900e-02
0.000000000000000000e+00
5.043275905773043633e-01
4.921218659728765488e-02
4.588347789831459522e-02
3.463233280926942825e-01
4.047718234360218048e-01
1.550250202417373657e-01
3.590677082538604736e-01
5.119594072457402945e-01
3.205599375069141388e-01
2.159528741147369146e+00
2.093929695663973689e+00
4.291690299287438393e-01
9.663237631320953369e-02
4.225590452551841736e-02
1.113204933702945709e+00
1.138700358569622040e-02
2.863353007705882192e-01
1.970891635864973068e-01
3.053645789623260498e-01
2.536544098984450102e-02
2.805652543902397156e-01
3.373811803758144379e-01
1.006263500079512596e+00
1.569840870797634125e-02
1.457248543156310916e-01
1.414686966687440872e+00
5.311538546811789274e-02
3.805695697665214539e-01
1.606103219091892242e-01
2.100647534243762493e-01
0.000000000000000000e+00
9.897435829043388367e-02
4.065600223839282990e-02
7.930830104742199183e-01
8.579038083553314209e-03
1.789427846670150757e-01
2.160343527793884277e-02
4.138539300765842199e-02
9.822557866573333740e-02
8.369757235050201416e-02
1.154689170856727287e+00
8.977211173623800278e-02
1.134659075469244272e-01
3.292830836726352572e-01
1.672388426959514618e-02
2.034460231661796570e-01
4.665187764912843704e-01
6.566545572131872177e-01
5.786595032550394535e-01
5.246142745018005371e-01
4.312813784927129745e-01
2.666080156341195107e-01
1.291943597607314587e-03
1.054732464253902435e-01
1.609651491045951843e+00
8.346620202064514160e-02
1.109587267041206360e+00
0.000000000000000000e+00
1.136196106672286987e-01
1.360887147486209869e+00
9.557728713843971491e-03
5.999750494956970215e-01
6.236883731326088309e-01
4.404320053290575743e-01
2.568760290741920471e-01
1.082722652703523636e+00
8.172724545001983643e-01
3.140359997749328613e+00
2.129583209753036499e-01
5.323202023282647133e-01
3.242017924785614014e-01
2.037159958854317665e-02
4.380747722461819649e-01
0.000000000000000000e+00
1.167540214955806732e-01
1.186061310188961215e+00
8.804880529642105103e-01
1.160484397318214178e+00
5.187097471207380295e-01
1.593769937753677368e-01
5.797971449792385101e-01
3.612817479297518730e-01
3.782583773136138916e-01
2.029925659298896790e-01
2.581739768385887146e+00
2.303899540565907955e-01
1.260215556249022484e+00
3.095858749002218246e-01
7.025889595970511436e-01
1.085733443498611450e+00
8.898824304342269897e-01
1.441992074251174927e-01
1.125422343611717224e-01
1.003098467364907265e+00
5.465276241302490234e-01
1.193815469741821289e-01
0.000000000000000000e+00
2.405029200017452240e-01
1.048300601541996002e-02
1.097611517645418644e+00
2.111768424510955811e-01
4.837797628715634346e-02
8.852738142013549805e-01
1.120619177818298340e-01
8.854282647371292114e-02
0.000000000000000000e+00
3.262737882323563099e-02
9.327955543994903564e-02
0.000000000000000000e+00
4.673532843589782715e-01
1.383759190328419209e+00
8.548523113131523132e-02
8.456464111804962158e-01
6.288626790046691895e-01
0.000000000000000000e+00
5.877567920833826065e-03
1.139366999268531799e-01
1.095800332259386778e-01
7.254301570355892181e-03
4.054177105426788330e-01
1.895904773846268654e-03
0.000000000000000000e+00
2.968078255653381348e-01
9.745650086551904678e-02
1.067540980875492096e-02
8.067803457379341125e-03
0.000000000000000000e+00
2.147329896688461304e-01
1.184909343719482422e+00
1.488403230905532837e-01
6.533443182706832886e-02
0.000000000000000000e+00
2.993831634521484375e-01
0.000000000000000000e+00
1.098928302526473999e-01
5.032420158386230469e-01
6.060406565666198730e-01
1.675704959779977798e-03
2.872318215668201447e-02
0.000000000000000000e+00
0.000000000000000000e+00
9.022020697593688965e-01
8.022608757019042969e-01
0.000000000000000000e+00
0.000000000000000000e+00
0.000000000000000000e+00
2.641438351129181683e-01
3.851676881313323975e-01
0.000000000000000000e+00
3.505738917738199234e-03
0.000000000000000000e+00
2.233685553073883057e-01
8.388776332139968872e-02
0.000000000000000000e+00
0.000000000000000000e+00
7.945016548037528992e-01
4.816908687353134155e-01
7.055958732962608337e-03
0.000000000000000000e+00
1.062571071088314056e-03
8.406157493591308594e-01
5.379686504602432251e-02
1.369098946452140808e-02
0.000000000000000000e+00
0.000000000000000000e+00
1.621602028608322144e-01
0.000000000000000000e+00
3.869529347866773605e-03
0.000000000000000000e+00
3.726065671071410179e-02
2.624644637107849121e-01
3.536652550101280212e-01
8.006048351526260376e-01
3.949347287416458130e-01
9.341537952423095703e-01
7.268785834312438965e-01
3.276069462299346924e-01
0.000000000000000000e+00
1.724158972501754761e-01
5.623391568660736084e-01
1.198035255074501038e-01
0.000000000000000000e+00
4.979552328586578369e-01
0.000000000000000000e+00
4.424246028065681458e-02
1.771751046180725098e-01
0.000000000000000000e+00
1.061153709888458252e-01
6.414609178900718689e-01
1.284058809280395508e+00
5.035097897052764893e-02
1.833805231726728380e-01
0.000000000000000000e+00
1.262391083873808384e-01
5.390731478109955788e-02
7.344463467597961426e-02
4.224442839622497559e-01
2.997611262835562229e-01
0.000000000000000000e+00
2.016827696934342384e-03
0.000000000000000000e+00
3.278917632997035980e-01
0.000000000000000000e+00
0.000000000000000000e+00
6.487438082695007324e-02
2.249100357294082642e-01
1.388647705316543579e-01
2.307380549609661102e-02
9.152615070343017578e-01
0.000000000000000000e+00
1.039869431406259537e-02
0.000000000000000000e+00
1.407169848680496216e-01
1.425715297460556030e+00
5.971170961856842041e-02
0.000000000000000000e+00
3.417155891656875610e-02
8.648598790168762207e-01
2.197453193366527557e-02
1.038397073745727539e+00
0.000000000000000000e+00
3.885572031140327454e-02
3.508998984470963478e-01
0.000000000000000000e+00
0.000000000000000000e+00
0.000000000000000000e+00
3.245224952697753906e-01
1.635507349856197834e-01
7.183285802602767944e-02
0.000000000000000000e+00
1.450815353426150978e+00
1.214386373758316040e-01
3.660826683044433594e-01
1.998952329158782959e-01
0.000000000000000000e+00
3.766539692878723145e-01
4.592847079038619995e-02
5.043267458677291870e-01
0.000000000000000000e+00
4.322639107704162598e-01
1.416600793600082397e+00
1.059495657682418823e+00
2.243927419185638428e-01
0.000000000000000000e+00
4.985034130513668060e-01
5.319074788130819798e-01
0.000000000000000000e+00
0.000000000000000000e+00
7.085811346769332886e-02
6.150658801198005676e-02
0.000000000000000000e+00
5.527301840484142303e-01
1.172449545003473759e+00
0.000000000000000000e+00
1.875925965607166290e+00
0.000000000000000000e+00
0.000000000000000000e+00
0.000000000000000000e+00
1.866818562150001526e+00
1.423965375870466232e+00
5.774341057986021042e-03
0.000000000000000000e+00
0.000000000000000000e+00
6.188759207725524902e-01
0.000000000000000000e+00
1.531700611114501953e+00
5.501184472814202309e-01
3.673618435859680176e-01
4.979165643453598022e-01
2.819699794054031372e-01
8.667570799589157104e-01
9.802204556763172150e-01
1.240665898658335209e+00
5.315462201833724976e-01
5.475848047062754631e-01
1.810030266642570496e+00
2.877117097377777100e-01
7.563305329531431198e-01
1.470675231423228979e+00
9.763242229819297791e-01
1.951125478371977806e-01
5.764528363943099976e-02
9.385251030325889587e-01
1.801918414421379566e-01
1.000093437265604734e+00
1.005114750005304813e+00
5.697306497022509575e-01
1.228511620312929153e+00
6.126299982424825430e-01
8.503004665035405196e-01
1.585492528742179275e+00
9.430169207043945789e-01
1.246046342886984348e+00
5.886932201683521271e-01
7.457018445275025442e-01
3.522449629381299019e-01
9.468559846282005310e-01
1.943151571787893772e+00
6.339385714381933212e-01
2.128007475403137505e-01
9.913159832358360291e-01
9.991182237863540649e-01
1.418314337730407715e+00
3.590875770896673203e-01
3.448519147932529449e-01
3.532119709998369217e-01
1.283866953104734421e+00
6.351382881402969360e-01
1.938131190836429596e-01
3.749759859056212008e-01
7.598900124430656433e-01
1.759160673245787621e+00
1.316805757582187653e+00
4.856499023735523224e-01
8.739587515592575073e-01
1.011556296143680811e+00
7.381913550198078156e-01
3.258939227089285851e+00
1.398356657475233078e+00
1.212622946128249168e+00
1.210377303883433342e+00
1.162913576699793339e+00
1.110801969654858112e+00
2.552470238879323006e-01
1.082316748797893524e-01
9.170786002650856972e-01
2.075825363397598267e+00
1.359166448703035712e+00
1.445319661870598793e-01
2.890433049760758877e-01
1.238641954958438873e+00
6.431176215410232544e-01
4.475811738520860672e-01
1.143335282336920500e+00
1.794754642993211746e+00
1.269937256351113319e+00
1.318254157900810242e+00
9.936749264597892761e-01
3.158447258174419403e-01
7.573764240078162402e-02
5.623446414247155190e-01
1.769437478855252266e+00
2.354345619678497314e-01
1.214043237268924713e+00
6.026216223835945129e-01
8.155129179358482361e-01
7.591054737567901611e-01
1.204567141830921173e+00
7.800693456083536148e-01
2.932582471519708633e+00
3.326334208250045776e-01
1.151078841183334589e+00
2.406624034047126770e-01
8.339401679113507271e-01
6.533458810299634933e-01
8.525786222890019417e-01
7.241564523428678513e-01
3.946788143366575241e-01
7.620368683710694313e-01
9.092671880498528481e-01
5.418507606373168528e-01
1.675182098639197648e+00
2.584724065382033587e-01
7.045426145195960999e-01
1.533104770351201296e+00
1.192957326769828796e+00
6.322710737586021423e-01
1.564164821757003665e+00
3.386780405417084694e-01
1.017505696974694729e+00
7.380711599253118038e-01
1.279988825321197510e+00
8.918774873018264771e-02
7.688357927836477757e-01
1.435767261311411858e+00
1.325870409607887268e+00
1.740699168294668198e+00
7.565624639391899109e-01
6.130527220666408539e-01
9.055215641856193542e-01
7.405329443281516433e-02
2.947625374563358491e-01
1.854318192228674889e+00
4.624541793018579483e-01
1.914000213146209717e-01
1.771634012460708618e+00
2.503594458103179932e-01
4.344895780086517334e-01
0.000000000000000000e+00
0.000000000000000000e+00
1.977113783359527588e-01
8.299950361251831055e-01
0.000000000000000000e+00
0.000000000000000000e+00
4.816442131996154785e-01
0.000000000000000000e+00
0.000000000000000000e+00
0.000000000000000000e+00
0.000000000000000000e+00
0.000000000000000000e+00
0.000000000000000000e+00
0.000000000000000000e+00
1.690401136875152588e-02
0.000000000000000000e+00
0.000000000000000000e+00
0.000000000000000000e+00
0.000000000000000000e+00
2.242164731025695801e+00
0.000000000000000000e+00
0.000000000000000000e+00
0.000000000000000000e+00
0.000000000000000000e+00
0.000000000000000000e+00
0.000000000000000000e+00
0.000000000000000000e+00
0.000000000000000000e+00
3.224570751190185547e-01
0.000000000000000000e+00
9.154699444770812988e-01
0.000000000000000000e+00
0.000000000000000000e+00
0.000000000000000000e+00
0.000000000000000000e+00
0.000000000000000000e+00
0.000000000000000000e+00
0.000000000000000000e+00
7.678408734500408173e-01
5.261350898072123528e-01
8.825391817372292280e-01
1.048557922244071960e+00
3.037372399121522903e-01
6.396667212247848511e-01
4.189316015690565109e-01
2.517391508445143700e-01
3.920713153784163296e-01
9.156017606146633625e-01
4.468926265835762024e-01
3.158511058427393436e-01
5.266171358525753021e-01
1.326838925480842590e+00
1.621630410081706941e-01
1.559785423800349236e+00
2.084223203361034393e+00
0.000000000000000000e+00
1.277239769697189331e+00
3.733632536605000496e-01
1.017617478966712952e+00
5.496551403775811195e-01
2.672154009342193604e-01
1.108334902673959732e-01
2.051203548908233643e-01
3.952818783000111580e-01
2.615635764086619020e-01
1.129178212024271488e+00
9.286352116614580154e-01
3.738473244011402130e-01
8.848205357789993286e-01
7.483720704913139343e-01
1.364452339708805084e+00
1.822533011436462402e-01
2.544266581535339355e-01
0.000000000000000000e+00
6.341162919998168945e-01
1.957573145627975464e-01
0.000000000000000000e+00
0.000000000000000000e+00
0.000000000000000000e+00
0.000000000000000000e+00
1.011790752410888672e+00
0.000000000000000000e+00
0.000000000000000000e+00
0.000000000000000000e+00
1.678887754678726196e-01
0.000000000000000000e+00
0.000000000000000000e+00
0.000000000000000000e+00
1.346531510353088379e-01
3.785721026360988617e-03
2.498189955949783325e-01
0.000000000000000000e+00
2.287767641246318817e-02
0.000000000000000000e+00
2.950558364391326904e-01
0.000000000000000000e+00
0.000000000000000000e+00
0.000000000000000000e+00
0.000000000000000000e+00
0.000000000000000000e+00
0.000000000000000000e+00
0.000000000000000000e+00
0.000000000000000000e+00
0.000000000000000000e+00
0.000000000000000000e+00
0.000000000000000000e+00
0.000000000000000000e+00
0.000000000000000000e+00
0.000000000000000000e+00
0.000000000000000000e+00
0.000000000000000000e+00
0.000000000000000000e+00
0.000000000000000000e+00
0.000000000000000000e+00
1.285545349121093750e+00
0.000000000000000000e+00
1.983256638050079346e-01
0.000000000000000000e+00
0.000000000000000000e+00
0.000000000000000000e+00
0.000000000000000000e+00
1.151823718100786209e-02
0.000000000000000000e+00
5.888255313038825989e-03
3.571197390556335449e-01
0.000000000000000000e+00
1.216335058212280273e+00
0.000000000000000000e+00
0.000000000000000000e+00
0.000000000000000000e+00
0.000000000000000000e+00
0.000000000000000000e+00
0.000000000000000000e+00
6.121240258216857910e-01
7.394307255744934082e-01
7.367931008338928223e-01
2.540079429745674133e-01
1.503424197435379028e-01
0.000000000000000000e+00
2.848794162273406982e-01
1.576016694307327271e-01
2.601028606295585632e-02
1.669176816940307617e-01
0.000000000000000000e+00
0.000000000000000000e+00
0.000000000000000000e+00
1.018309235572814941e+00
0.000000000000000000e+00
5.885239243507385254e-01
3.998534381389617920e-01
0.000000000000000000e+00
0.000000000000000000e+00
0.000000000000000000e+00
0.000000000000000000e+00
0.000000000000000000e+00
0.000000000000000000e+00
0.000000000000000000e+00
2.446664497256278992e-02
0.000000000000000000e+00
0.000000000000000000e+00
4.682251811027526855e-02
0.000000000000000000e+00
1.659530550241470337e-01
0.000000000000000000e+00
0.000000000000000000e+00
4.596124589443206787e-01
2.460762560367584229e-01
6.199639141559600830e-01
2.901833597570657730e-01
4.070898946374654770e-01
6.593397937249392271e-01
8.653854942240286618e-01
8.870454330462962389e-01
7.521271645091474056e-01
6.348736063810065389e-01
5.590584431774914265e-01
9.224547252524644136e-01
7.686021738772979006e-01
4.506106240478402469e-01
9.995683578890748322e-01
9.029088593670167029e-01
5.287229918176308274e-01
3.197988830106623936e-01
6.755688831908628345e-01
1.100564543157815933e+00
7.967064934055088088e-01
7.332722861319780350e-01
7.352846879512071609e-01
7.235411066794767976e-01
4.087896585842827335e-01
8.796784848964307457e-01
4.984698113985359669e-01
7.983332227449864149e-01
9.416770520620048046e-01
1.321064974530600011e+00
7.279312147293239832e-01
6.945909410715103149e-01
7.783365882933139801e-01
8.971712210332043469e-01
7.221046928316354752e-01
4.535446900554234162e-01
5.331206606933847070e-01
6.126054553315043449e-01
6.315378403742215596e-01
1.080569828627631068e+00
8.355241131503134966e-01
3.638097937218844891e-01
7.514664730988442898e-01
4.825301857199519873e-01
5.053062099032104015e-01
7.280553677992429584e-01
8.330235840985551476e-01
6.167518598958849907e-01
1.515908182132989168e+00
6.494948912877589464e-01
2.416133529040962458e-01
6.638328915360034443e-01
5.498736234148964286e-01
8.650380041362950578e-01
1.097499496303498745e+00
8.196436732541769743e-01
5.325333060463890433e-01
5.110152494162321091e-01
8.141887042875168845e-01
1.522148169809952378e+00
7.056600379291921854e-01
1.312816174235194921e+00
5.021475335815921426e-01
8.094586823353893124e-01
9.471613611840439262e-01
9.918313032467267476e-01
1.540215285844169557e+00
1.361959763162303716e+00
9.705802388489246368e-01
5.981016666628420353e-01
9.016545352060347795e-01
9.155470642726868391e-01
6.569580250652506948e-01
6.329604852944612503e-01
6.420284199994057417e-01
9.546691410359926522e-01
1.005871356173884124e+00
6.556630447739735246e-01
1.290047241025604308e+00
8.427656067069619894e-01
6.351068723015487194e-01
7.310835065145511180e-01
9.310658532194793224e-01
1.020670363213866949e+00
1.346220220904797316e+00
5.412090533063746989e-01
2.980547494953498244e-01
7.504139626398682594e-01
1.139971501426771283e+00
7.491014795377850533e-01
7.229640686418861151e-01
7.940220538293942809e-01
4.152502095093950629e-01
8.786286991671659052e-01
1.243817952694371343e+00
6.757621399592608213e-01
8.441556405741721392e-01
6.110876458697021008e-01
1.145952007995219901e+00
8.293998410226777196e-01
9.302994926574683632e-01
1.046227785060182214e+00
4.999023438431322575e-01
3.696742859901860356e-01
1.287584128323942423e+00
3.623748185345903039e-01
6.386564699932932854e-01
8.136973782675340772e-01
2.875341176986694336e-01
7.210509022697806358e-01
4.859137500170618296e-01
5.321150818781461567e-01
1.438111048191785812e+00
7.543692013041436439e-01
6.283724710810929537e-01
5.938675272045657039e-01
3.748759599038749002e-01
8.704343555727973580e-01
1.260416099335998297e+00
3.841516663087531924e-01
8.542367205955088139e-01
5.989637268939986825e-01
5.291505221975967288e-01
1.026508677750825882e+00
1.050294972956180573e+00
6.044535222463309765e-01
9.713240988057805225e-01
8.335341317579150200e-01
6.147762748878449202e-01
1.089753383945208043e+00
7.988734525279141963e-01
5.331591198046226054e-01
1.005171695258468390e+00
1.305366902262903750e+00
6.119220142718404531e-01
1.162250578869134188e+00
1.119412592961452901e+00
7.000771802850067616e-01
5.474095481040421873e-01
8.014337917556986213e-01
9.633123851381242275e-01
1.446171654621139169e+00
1.003295047208666801e+00
7.343775203771656379e-01
9.220038987259613350e-01
1.076331539981765673e+00
6.319789711851626635e-01
7.261672890745103359e-01
4.473707002471201122e-01
1.062720030080527067e+00
7.169474832480773330e-01
9.090080577880144119e-01
9.784544380381703377e-01
1.535019069036934525e+00
7.287264046899508685e-01
5.452975733205676079e-01
8.685683000367134809e-01
6.593902784370584413e-01
6.212941982084885240e-01
8.971151985460892320e-01
7.400304538896307349e-01
8.548415414988994598e-01
7.069853508728556335e-01
1.189373904373496771e+00
1.156652596313506365e+00
6.015511731093283743e-01
5.932061094645177945e-01
1.413282509485725313e+00
7.037316770292818546e-01
1.050123673310736194e+00
4.284733052481897175e-01
5.338539943913929164e-01
1.340918869129382074e+00
1.151823158375918865e+00
4.771041800267994404e-01
6.770947767654433846e-01
9.596529547125101089e-01
1.344102973816916347e+00
1.205905504932161421e+00
4.723599242279306054e-01
6.543177257408387959e-01
1.018219880061224103e+00
4.248535240767523646e-01
5.996480149915441871e-01
5.381477463524788618e-01
5.147900931187905371e-01
3.327224854147061706e-01
1.143744673085166141e+00
7.321946092415601015e-01
1.357396832667291164e+00
7.628307411650894210e-01
6.983924010419286788e-01
9.687686364632099867e-01
7.138994880951941013e-01
8.487028114032000303e-01
6.557895137812010944e-01
6.082818997092545033e-01
6.778931873850524426e-01
9.002174124616431072e-01
6.580964628956280649e-01
1.192588352831080556e+00
6.295304061495698988e-01
1.516996482620015740e+00
5.705408841604366899e-01
9.153860202059149742e-01
2.115259233396500349e-01
3.397880176780745387e-01
6.560227000154554844e-01
7.653191047720611095e-01
7.602729182690382004e-01
5.130630454514175653e-01
1.117308735847473145e+00
7.385501659009605646e-01
5.786162325603072532e-01
5.433856855379417539e-01
6.501204918604344130e-01
7.635049028649518732e-01
5.676414845511317253e-01
1.375199270434677601e+00
1.100307550688739866e+00
6.000565413851290941e-01
3.305583351029781625e-01
7.885944813024252653e-01
1.066106938873417675e+00
9.569324802141636610e-01
3.781518701580353081e-01
1.054742031265050173e+00
6.503454388875979930e-01
6.233823989168740809e-01
1.111158595420420170e+00
5.854683532379567623e-01
9.500389148743124679e-01
6.693169700811267830e-01
1.335088176070712507e+00
5.979495958890765905e-01
9.513261620886623859e-01
4.298866621102206409e-01
9.935253560543060303e-01
6.833641083503607661e-01
7.515811999328434467e-01
5.836465164320543408e-01
6.301945527084171772e-01
7.427027574158273637e-01
7.171907756710425019e-01
6.250912637915462255e-01
6.160651949467137456e-01
8.131324725545709953e-01
9.406483480706810951e-01
7.579147792057483457e-01
9.315869032870978117e-01
1.698098656721413136e+00
5.059878884349018335e-01
4.994806779432110488e-01
6.695829336531460285e-01
5.089352549985051155e-01
4.249393150676041842e-01
4.214467798738041893e-01
9.481165772303938866e-01
8.800457516917958856e-01
4.888531790347769856e-01
7.016782420687377453e-01
8.641692036762833595e-01
1.096793060947675258e+00
4.146557938656769693e-01
1.078395801247097552e+00
1.056095100007951260e+00
6.775418043253012002e-01
4.811607062583789229e-01
8.748495129402726889e-01
7.154100975021719933e-01
1.044908588519319892e+00
8.412929405458271503e-01
7.028902422171086073e-01
8.488048115978017449e-01
7.978981693740934134e-01
1.475067614635918289e+00
6.619533129269257188e-01
1.160683862390214927e+00
6.369053567759692669e-01
7.914376538828946650e-01
3.550216337898746133e-01
8.871156976092606783e-01
1.169649738585576415e+00
6.352017415338195860e-01
9.641504636965692043e-01
5.145302356686443090e-01
7.076518675312399864e-01
1.197442723205313087e+00
7.457391110074240714e-01
4.395187616173643619e-01
1.486416988074779510e+00
1.163336350116878748e+00
1.031873768522928003e+00
5.441373786889016628e-01
7.319512444228166714e-01
6.002071686489216518e-01
5.507123015995603055e-01
8.636657039169222116e-01
1.171926469192840159e+00
8.892862051725387573e-01
5.368791101500391960e-01
4.976042520720511675e-01
7.645291042281314731e-01
1.058290136512368917e+00
7.843522194889374077e-01
7.491024354822002351e-01
8.483838972169905901e-01
7.192212208756245673e-01
1.419325244380161166e+00
1.187465859227813780e+00
8.109247065149247646e-01
6.997251473367214203e-01
8.824507066674414091e-01
9.613419829402118921e-01
8.796366376918740571e-01
7.971323287347331643e-01
8.145792099821846932e-01
8.084201457531889901e-01
6.602281191735528409e-01
1.055672620597761124e+00
6.593133709829999134e-01
1.398026379290968180e+00
4.768505390966311097e-01
5.729836146929301322e-01
9.130515143042430282e-01
1.063187411637045443e+00
6.180688480380922556e-01
5.569945435272529721e-01
9.072955728042870760e-01
6.820230875164270401e-01
4.569994933408452198e-01
9.137289732607314363e-01
7.381624206318520010e-01
6.101021941867657006e-01
1.338031417457386851e+00
5.943501926958560944e-01
6.425642450340092182e-01
6.351548200473189354e-01
9.058591593056917191e-01
6.163755246088840067e-01
1.524339303839951754e+00
7.330327623640187085e-01
8.922483669593930244e-01
5.193463824689388275e-01
1.285531426809029654e+00
7.524905635509639978e-01
1.163099080324172974e+00
8.967541721649467945e-01
6.576784631470218301e-01
5.975357508286833763e-01
3.404114510194631293e-01
4.160822092089802027e-01
8.295891109592048451e-01
9.377951230853796005e-01
4.913503873394802213e-01
6.266592955216765404e-01
4.436029912321828306e-01
7.481076952535659075e-01
5.297788618918275461e-01
9.204009104978467803e-01
6.553635877789929509e-01
1.098947282036533579e+00
7.345426616957411170e-01
7.826677565462887287e-01
1.014155194978229702e+00
3.633739624856389128e-01
1.264724955952260643e+00
1.101036603795364499e+00
4.641336160420905799e-01
1.097459683194756508e+00
7.323378038126975298e-01
1.057673722971230745e+00
3.867093287408351898e-01
5.435823567677289248e-01
8.428137323353439569e-01
1.293330745073035359e+00
5.448839404853060842e-01
7.100631958164740354e-01
5.834685740992426872e-01
7.929197502671740949e-01
8.479096970986574888e-01
7.755370700324419886e-01
7.378003355115652084e-01
6.200549553614109755e-01
1.876280034921364859e-01
7.587513602338731289e-01
7.377090263526042691e-01
5.804950913880020380e-01
9.274089409154839814e-01
6.837635225383564830e-01
1.411339793237857521e+00
4.816524449561256915e-01
5.479759860318154097e-01
6.794576835818588734e-01
2.776764470618218184e-01
5.452311281114816666e-01
