-1.486716642230749130e+01
-1.844311524555087090e+01
-2.175640715286135674e+01
-2.303776554763317108e+01
-4.081774505786597729e+01
-3.536698122322559357e+01
-2.263122765813022852e+01
-2.314989277720451355e+01
-2.134012637194246054e+01
-2.751086139120161533e+01
-2.635063848365098238e+01
-2.030008161067962646e+01
-2.336563547700643539e+01
-2.711781857814639807e+01
-2.928169931005686522e+01
-2.099059729278087616e+01
-2.202350931987166405e+01
-3.351517954654991627e+01
-2.593443121388554573e+01
-2.087010850012302399e+01
-1.501487007699324749e+01
-2.782098747976124287e+01
-2.091417614370584488e+01
-3.980193192698061466e+01
-2.711929390765726566e+01
-3.322202005982398987e+01
-2.875922043551690876e+01
-3.171471223235130310e+01
-3.578489225357770920e+01
-1.812851919233798981e+01
-1.758639926463365555e+01
-2.178815812617540359e+01
-2.427471237815916538e+01
-2.528036443144083023e+01
-1.794910139217972755e+01
-2.649315286148339510e+01
-1.141704796440899372e+01
-3.745121559500694275e+01
-2.183792483923025429e+01
-1.958875040989369154e+01
-2.697380304895341396e+01
-2.105142796598374844e+01
-1.857083129510283470e+01
-3.042651474475860596e+01
-1.926926604099571705e+01
-2.172680889628827572e+01
-1.155123593006283045e+01
-2.825076355040073395e+01
-1.864590686373412609e+01
-2.948626695945858955e+01
-1.943952173367142677e+01
-3.360792273934930563e+01
-2.492606557533144951e+01
-2.038023566221818328e+01
-1.786737172678112984e+01
-3.329996938258409500e+01
-3.439436453580856323e+01
3.223768235766328871e+00
-2.893882542056962848e+01
-3.433300730492919683e+01
-1.637163860350847244e+01
-3.557490371167659760e+01
-1.844486453384160995e+01
-1.339089209772646427e+01
-2.383297322690486908e+01
-2.012107823137193918e+01
-2.123004237562417984e+01
-1.576878782734274864e+01
-2.595691076666116714e+01
-2.273211849387735128e+01
-3.855123126972466707e+01
-2.704890780593268573e+01
-3.049430458806455135e+01
-1.423434574156999588e+01
-4.127414382295683026e+01
-2.467572243511676788e+01
-1.674931946024298668e+01
-1.683742217766121030e+01
-1.880817041918635368e+01
-3.343947932869195938e+01
-1.988214467093348503e+01
-1.543128080107271671e+01
-2.354162313044071198e+01
-3.368313960544764996e+01
-2.627858790755271912e+01
-2.772107797488570213e+01
-2.202735200012102723e+01
-3.644430394470691681e+01
-1.577136001363396645e+01
-2.994722058624029160e+01
-2.970893767476081848e+01
-3.243189197103492916e+01
-2.705206152331084013e+01
-2.129174410365521908e+01
-1.920673661306500435e+01
-2.784654977265745401e+01
-1.520406196452677250e+01
-1.981863396801054478e+01
-2.950457521140924655e+01
-3.019408629089593887e+01
-1.572106543555855751e+01
-3.020068306755274534e+01
-3.128164239227771759e+01
-2.966053519397974014e+01
-2.383519660588353872e+01
-3.248926716111600399e+01
-4.121915804967284203e+01
-3.114775331318378448e+01
-5.276134744286537170e+00
-2.390515350550413132e+01
-2.744419889524579048e+01
-1.396730428398586810e+01
-1.636706839455291629e+01
-2.847786260209977627e+01
-5.640428188256919384e+00
-3.250762716680765152e+01
-3.209581318043638021e+01
-3.513801256567239761e+01
-3.417478372761979699e+01
-3.269447985221631825e+01
-6.079035133123397827e+00
-7.101060314744245261e+00
-1.734751164913177490e+01
-4.075356591073796153e+01
-1.397298940643668175e+01
-2.659387488663196564e+01
-2.961473719775676727e+01
-2.284967911057174206e+01
-2.474096722714602947e+01
-3.410710516571998596e+01
-1.569614135380834341e+01
-2.521677352674305439e+01
-2.683951208926737309e+01
-2.284997999295592308e+01
-2.152118793129920959e+01
-3.870784346014261246e+01
-2.815676827169954777e+01
-2.494582428410649300e+01
-3.352906870841979980e+01
-3.395709896087646484e+01
-1.718010538443922997e+01
-2.627998752938583493e+01
-2.314233627170324326e+01
-1.741316928062587976e+01
-2.789820303581655025e+01
-2.360241316258907318e+01
-1.103922124207019806e+01
-2.961634823679924011e+01
-3.524535392224788666e+01
-2.996430974081158638e+01
-3.479323817417025566e+01
-4.211306437849998474e+01
-3.076825715135782957e+01
-2.266043462231755257e+01
-1.410913997516036034e+01
-2.198769729339983314e+01
-3.268303921911865473e+01
-3.084825258702039719e+01
-2.661443670094013214e+01
-2.774861012957990170e+01
-2.026210253685712814e+01
-2.562910940684378147e+01
-3.646213393658399582e+01
-2.531762474216520786e+01
-2.911077606398612261e+01
-2.215905431937426329e+01
-2.278304334729909897e+01
-4.376451864838600159e+01
-1.823719931021332741e+01
-2.920412622392177582e+01
-2.698147260397672653e+01
-2.793924386054277420e+01
-3.412002952396869659e+01
-1.906625191494822502e+01
-1.402677310258150101e+01
-1.867437588423490524e+01
-1.986675915867090225e+01
-2.680496380629483610e+01
-3.153477199375629425e+01
-2.214286473020911217e+01
-3.643016675114631653e+01
-3.047182384040206671e+01
-2.640471038222312927e+01
-2.309724970906972885e+01
-1.619419091567397118e+01
-3.166751868277788162e+01
-2.257775242254137993e+01
-2.046784844622015953e+01
-3.589593386650085449e+01
-3.450529688282404095e+01
-4.019031059369444847e+01
-1.918045003060251474e+01
-2.987168066669255495e+01
-3.452489777468144894e+01
-2.873637378180865198e+01
-3.734285407140851021e+01
-3.307954112440347672e+01
-1.028421745426021516e+01
-3.087750955857336521e+01
-2.981203325465321541e+01
-2.179899486899375916e+01
-2.410138199268840253e+01
-2.472140600351849571e+01
-2.905075817555189133e+01
-1.726066816179081798e+01
-3.297443773318082094e+01
-2.175149931572377682e+01
-2.732101333886384964e+01
-2.907278499007225037e+01
-2.632681024237535894e+01
-2.644564022868871689e+01
-2.844628458376973867e+01
-3.422249141708016396e+01
-3.183742016553878784e+01
-3.528687557578086853e+01
-2.848058093152940273e+01
-2.958142807427793741e+01
-2.846594384685158730e+01
-2.164664018910843879e+01
-3.080162557214498520e+01
-2.399592231959104538e+01
-3.148077178001403809e+01
-3.227804930508136749e+01
-1.997836454212665558e+01
-9.492037802934646606e+00
-2.517535400018095970e+01
-2.843367121741175652e+01
-3.568122974038124084e+01
-1.251322960853576660e+01
-3.092480792850255966e+01
-3.371022271085530519e+01
-2.468585489830002189e+01
-3.396989162825047970e+01
-2.679058682546019554e+01
-2.625871581584215164e+01
-2.501264895964413881e+01
-2.996806305646896362e+01
-2.160677603236399591e+01
-1.640987711073830724e+01
-2.478032478131353855e+01
-3.050074718892574310e+01
-3.257683319225907326e+01
-2.414018614590167999e+01
-2.693527591531164944e+01
-7.682772740721702576e+00
-2.598489860072731972e+01
-2.435586278885602951e+01
-1.521595012396574020e+01
-2.735922100208699703e+01
-2.252811249345541000e+01
-3.643866419792175293e+01
-2.662086577247828245e+01
-2.611269700154662132e+01
-1.743443462252616882e+01
-2.236725854594260454e+01
-2.794066646136343479e+01
-1.859409439563751221e+01
-3.280785660445690155e+01
-1.869211487658321857e+01
-2.438840764388442039e+01
-1.809531412180513144e+01
-3.182254797220230103e+01
-1.908865530416369438e+01
-2.815611463785171509e+01
-3.522348539531230927e+01
-3.759528973884880543e+01
-2.946242812648415565e+01
-2.512890346813946962e+01
-2.353618509322404861e+01
-3.448825016990303993e+01
-3.444749683304689825e+01
-1.707608033716678619e+01
-3.029895286448299885e+01
-1.147289165109395981e+01
-2.647991103678941727e+01
-2.487364193052053452e+01
-1.414101875573396683e+01
-3.396176148019731045e+01
-2.797362899043946527e+01
-3.246542988531291485e+01
-2.519396779872477055e+01
-2.579533463809639215e+01
-1.254568600468337536e+01
-1.896224111318588257e+01
-2.386386698856949806e+01
-2.116357108950614929e+01
-2.764352117013186216e+01
-1.585022835736162961e+01
-3.539441106925369240e+01
-1.818053033575415611e+01
-3.426042602770030499e+01
-2.408424165099859238e+01
-1.914650716166943312e+01
-2.937189276888966560e+01
-1.692727942857891321e+01
-3.717038646526634693e+01
-2.001214238628745079e+01
-3.103581340610980988e+01
-2.668690914846956730e+01
-2.521487606037408113e+01
-3.417710180860012770e+01
-3.376622675405815244e+01
-2.334067145735025406e+01
-1.869629147136583924e+01
-2.247333449125289917e+01
-1.423156237835064530e+01
-1.738610200025141239e+01
-2.702310948073863983e+01
-2.407788082247134298e+01
-2.556814801320433617e+01
-3.039726897771470249e+01
-2.653454576432704926e+01
-2.943994361441582441e+01
-2.240504490025341511e+01
-2.857126576825976372e+01
-2.870518685132265091e+01
-2.211934644961729646e+01
-2.523177742958068848e+01
-2.314345058053731918e+01
-2.495504133403301239e+01
-2.163762686774134636e+01
-2.849183945357799530e+01
-2.096860365755856037e+01
-2.847809404134750366e+01
-3.281916498020291328e+01
-2.183251566393300891e+01
-1.749353326531127095e+01
-2.721665333211421967e+01
-3.438925104215741158e+01
-1.889921110868453979e+01
-2.705952559784054756e+01
-2.259820681787095964e+01
-2.554172333190217614e+01
-2.341291528502733854e+01
-2.581913324072957039e+01
-3.118113493546843529e+01
-2.940955011267215014e+01
-2.098079304024577141e+01
-2.714983299933373928e+01
-3.270017807558178902e+01
-2.341701871831901371e+01
-3.342129843495786190e+01
-3.030817953497171402e+01
-2.449775676708668470e+01
-2.331024207081645727e+01
-2.862285074964165688e+01
-3.068156489729881287e+01
-2.933625319600105286e+01
-1.695848517119884491e+01
-2.171160082146525383e+01
-2.312531546875834465e+01
-3.614701779186725616e+01
-1.988401028653606772e+01
-2.404175474727526307e+01
-1.983020781725645065e+01
-1.928518947958946228e+01
-2.776253319066017866e+01
-2.053784605441614985e+01
-1.604651242308318615e+01
-1.957455565780401230e+01
-2.634366885945200920e+01
-1.649327017553150654e+01
-1.497750821011140943e+01
-2.782958903722465038e+01
-2.035068696737289429e+01
-1.102388653159141541e+01
-3.444862763583660126e+01
-2.696300109475851059e+01
-1.833831914380425587e+01
-2.732758322358131409e+01
-3.045428606867790222e+01
-2.617616244778037071e+01
-1.914396421890705824e+01
-2.825663392245769501e+01
-2.866344510391354561e+01
-3.176170351728796959e+01
-2.679650817438960075e+01
-2.985081298649311066e+01
-1.596357089793309569e+01
-2.304410953074693680e+01
-3.694006348401308060e+01
-2.429443309083580971e+01
-3.642049930989742279e+00
-1.887645458802580833e+01
-1.137280572764575481e+01
-3.870341921597719193e+01
-4.112206841818988323e+01
-2.772593929991126060e+01
-3.556384930945932865e+01
-2.698079393804073334e+01
-1.851933508738875389e+01
-2.076137079019099474e+01
-2.075149511103518307e+01
-1.826616665534675121e+01
-2.755881969165056944e+01
-2.134047890268266201e+01
-2.291688740998506546e+01
-2.029905778169631958e+01
-1.887465235777199268e+01
-3.639496059715747833e+01
-3.989316478930413723e+01
-2.899966018833220005e+01
-1.257106669619679451e+01
-3.305304177850484848e+01
-1.907583080977201462e+01
-2.910487643070518970e+01
-2.420693217869848013e+01
-3.668317783635575324e+01
-2.115950224362313747e+01
-3.228294006791111315e+01
-2.654534669220447540e+01
-2.347692096605896950e+01
-2.710670684278011322e+01
-1.641764725930988789e+01
-1.618154319189488888e+01
-3.172545534250093624e+01
-2.336750295758247375e+01
-3.694281852245330811e+01
-2.720305664022453129e+01
-2.501403551921248436e+01
-1.851300365477800369e+01
-3.114813128113746643e+01
-2.145065895095467567e+01
-2.884178987890481949e+01
-2.481781053543090820e+01
-2.844787662476301193e+01
-3.419659085571765900e+01
-3.186397576425224543e+01
-1.737504723819438368e+01
-3.086576788127422333e+01
-4.235177338495850563e+01
-3.144879857217893004e+01
-1.606946146884001791e+01
-2.753216442652046680e+01
-2.066851920261979103e+01
-2.962882343959063292e+01
-2.809194578230381012e+01
-2.299963777442462742e+01
-3.676062992960214615e+01
-4.200266749039292336e+01
-1.729607718333136290e+01
-3.648483733087778091e+01
-2.486722069978713989e+01
-2.976531413430348039e+01
-1.104931964725255966e+01
-3.352397760841995478e+01
-2.310057919472455978e+01
-1.368049264233559370e+01
-2.081378305051475763e+01
-1.171631516516208649e+01
-2.377650121971964836e+01
-2.142558828275650740e+01
-2.583181433379650116e+01
-2.650324535230174661e+01
-1.635959070175886154e+01
-1.404951892793178558e+01
-2.843021131120622158e+01
-1.931732213497161865e+01
-3.167300030961632729e+01
-2.455206975387409329e+01
-2.634955659694969654e+01
-2.840489909797906876e+01
-2.338115549180656672e+01
-3.615662534534931183e+01
-2.613845747336745262e+01
-2.428756248671561480e+01
-2.050588033720850945e+01
-2.427322803449351341e+01
-2.096644612401723862e+01
-2.468267986550927162e+01
-2.011642357241362333e+01
-2.423212851583957672e+01
-1.720346245542168617e+01
-2.175424831919372082e+01
-2.203438200382515788e+01
-2.397361351433210075e+01
-1.723686860874295235e+01
-3.758873837441205978e+01
-2.202320331614464521e+01
-2.100369324535131454e+01
-1.614029639214277267e+01
-2.986375401902478188e+01
-2.407864237250760198e+01
-1.723237817734479904e+01
-3.433202697336673737e+01
-2.076882591471076012e+01
-3.619786233268678188e+01
-2.634523448534309864e+01
-2.028686825651675463e+01
-2.758478839613962919e+01
-2.637417883239686489e+01
-1.026749009639024734e+01
-1.379097960889339447e+01
-4.108148892130702734e+01
-1.605760162440128624e+01
-2.836161195486783981e+01
-2.817229004204273224e+01
-3.271148896217346191e+01
-3.289782366808503866e+01
-2.776687023788690567e+01
-2.589183290302753448e+01
-2.798546236753463745e+01
-3.248599937558174133e+01
-2.497186637856066227e+01
-2.326762521453201771e+01
-2.209771835058927536e+01
-3.222264617122709751e+01
-2.321951024094596505e+01
-2.578716512117534876e+01
-3.829203590750694275e+01
-1.907872392237186432e+01
-5.076342680677771568e+01
-2.013465509936213493e+01
-4.181885486841201782e+01
-2.972921565920114517e+01
-2.726214577257633209e+01
-3.206336972769349813e+01
-3.978025316447019577e+01
-3.350200391933321953e+01
-2.661707101017236710e+01
-3.634236297756433487e+01
-3.331295759975910187e+01
-2.737331316620111465e+01
-3.134861994534730911e+01
-3.082719998434185982e+01
-2.475428841076791286e+01
-3.814153847098350525e+01
-1.279652493074536324e+01
-2.893221903871744871e+01
-2.003630310413427651e+01
-3.899155229167081416e+01
-2.770881382375955582e+01
-4.653989689238369465e+01
-3.341863182045926806e+01
-4.459542043507099152e+01
-2.994702935311943293e+01
-3.281570645538158715e+01
-4.774315262585878372e+01
-2.252500090468674898e+01
-3.342197296768426895e+01
-1.629375752713531256e+01
-3.340029784478247166e+01
1.423696320038288832e+00
-3.969930062815546989e+01
-3.536782142519950867e+01
-4.315558921685442328e+01
-3.889246672391891479e+01
-4.509451985359191895e+01
-3.523054847121238708e+01
-3.791687359381467104e+01
-4.537458433397114277e+01
-3.851028866320848465e+01
-3.115594702819362283e+01
-3.906498196721076965e+01
-3.017380449920892715e+01
-4.174944379273802042e+01
-2.500695888302288949e+01
-2.635074934363365173e+01
-4.200296669173985720e+01
-3.261609375476837158e+01
-4.180991414189338684e+01
-4.819909130036830902e+01
-4.639287305995821953e+01
-3.097207231819629669e+01
-2.854374476987868547e+01
-3.113380197528749704e+01
-4.373100865632295609e+01
-4.234837718307971954e+01
-4.812856071442365646e+01
-2.831390979708521627e+01
-3.577725437283515930e+01
-5.294079607725143433e+01
-4.669487231224775314e+01
-2.382336889114230871e+01
-4.916736394166946411e+01
-3.700950941070914268e+01
-4.423498951038345695e+01
-5.427961239218711853e+01
-2.923005548492074013e+01
-3.139283656701445580e+01
-4.261202669143676758e+01
-5.254088490456342697e+01
-4.512716861814260483e+01
-5.927983763813972473e+01
-4.765026976168155670e+01
-3.153128656744956970e+01
-1.635228317789733410e+01
-3.198994600772857666e+01
-3.450984651595354080e+01
-3.670276872068643570e+01
-2.855582503974437714e+01
-3.127198870480060577e+01
-3.825753040984272957e+01
-4.845419966056942940e+01
-4.174191251397132874e+01
-3.595709891058504581e+01
-3.288802102208137512e+01
-4.211087817326188087e+01
-5.682948896288871765e+01
-5.098303237557411194e+01
-2.729034913424402475e+01
-4.939660898875445127e+01
-4.204630882991477847e+01
-4.666414329409599304e+01
-5.438654382526874542e+01
-4.403841044753789902e+01
-4.213703851401805878e+01
-4.029894633777439594e+01
-3.127491409471258521e+01
-5.779832112789154053e+01
-4.410098002292215824e+01
-3.833148797601461411e+01
-4.290535668842494488e+01
-4.965323009900748730e+01
-5.150964594283141196e+01
-6.412430405616760254e+01
-4.249437827337533236e+01
-5.973916018009185791e+01
-3.946840107440948486e+01
-5.221992546319961548e+01
-4.592099689785391092e+01
-4.395041155815124512e+01
-3.052939547784626484e+01
-3.879829373955726624e+01
-4.155723641812801361e+01
-4.471528137568384409e+01
-5.329826080799102783e+01
-4.344435555860400200e+01
-4.992902719229459763e+01
-4.936883960664272308e+01
-4.620361840724945068e+01
-5.738047476485371590e+01
-4.384726941585540771e+01
-4.061982982605695724e+01
-4.281700134277343750e+01
-5.469548198580741882e+01
-5.579043361544609070e+01
-5.663052381249144673e+01
-5.221523793041706085e+01
-4.514892959594726562e+01
-3.919454371929168701e+01
-4.234343589656054974e+01
-3.797079748660326004e+01
-4.607842610776424408e+01
-4.488412968441843987e+01
-5.821107518672943115e+01
-5.152290432900190353e+01
-5.544035935401916504e+01
-1.963045097887516022e+01
-2.922599282860755920e+01
-2.712511185929179192e+01
-3.062985679507255554e+01
-2.093559510400518775e+01
-2.924343809299170971e+01
-3.065865541435778141e+01
-3.065426681935787201e+01
-1.792417121119797230e+01
-2.843020166084170341e+01
-3.368130924366414547e+01
-3.757833048701286316e+01
-2.822045656293630600e+01
-3.220942682027816772e+01
-2.339485457539558411e+01
-2.925066157244145870e+01
-2.018711073161102831e+01
-3.112817218899726868e+01
-3.492482675611972809e+01
-3.213819649815559387e+01
-2.837098139524459839e+01
-2.928589822351932526e+01
-2.928053576499223709e+01
-3.757676154375076294e+01
-2.900170567631721497e+01
-2.089969152398407459e+01
-1.353969161212444305e+01
-3.186922788619995117e+01
-3.294147982727736235e+01
-2.752462149783968925e+01
-2.330415151687338948e+01
-2.986202199757099152e+01
-3.191362667083740234e+01
-2.314047438651323318e+01
-3.620195220038294792e+01
-2.556413699686527252e+01
-2.708197295665740967e+01
-1.776082599908113480e+01
-2.292358753085136414e+01
-3.246613191813230515e+01
-2.703112002834677696e+01
-3.257015800476074219e+01
-3.444465662166476250e+01
-3.926483187079429626e+01
-3.012688915431499481e+01
-2.559128758311271667e+01
-2.795254927873611450e+01
-2.717378222942352295e+01
-2.700610934197902679e+01
-2.844727092981338501e+01
-3.441267284005880356e+01
-2.833870779769495130e+01
-3.937607334554195404e+01
-3.540485238516703248e+01
-2.903591641783714294e+01
-3.075086877495050430e+01
-2.772031158581376076e+01
-2.973856078088283539e+01
-2.483971683681011200e+01
-3.107077917456626892e+01
-2.386659708619117737e+01
-3.344856406748294830e+01
-3.245469409972429276e+01
-2.078752346336841583e+01
-2.508538685506209731e+01
-3.598364384472370148e+01
-2.966241544485092163e+01
-2.741612209379673004e+01
-2.887325328588485718e+01
-2.873980719572864473e+01
-2.536902624368667603e+01
-2.558813950559124351e+01
-4.086094412207603455e+01
-3.486735743284225464e+01
-2.669095328450202942e+01
-3.731196168065071106e+01
-3.359099909663200378e+01
-3.331109216064214706e+01
-4.204032942652702332e+01
-3.969622589647769928e+01
-3.845710146427154541e+01
-6.127582712098956108e+01
-4.901426964998245239e+01
-2.929150704294443130e+01
-5.151077061891555786e+01
-5.529433423280715942e+01
-4.302183574810624123e+01
-5.295537212491035461e+01
-4.716115297004580498e+01
-4.093106919527053833e+01
-2.637607762217521667e+01
-3.966182267665863037e+01
-4.878039103746414185e+01
-3.594356985390186310e+01
-4.870232352614402771e+01
-3.739240074157714844e+01
-4.860272580175660551e+01
-3.190208055078983307e+01
-4.143517876416444778e+01
-3.885880612954497337e+01
-2.658716781064867973e+01
-3.370614813268184662e+01
-8.240115404129028320e+00
-2.971927438676357269e+01
-2.529019114375114441e+01
-1.601401557028293610e+01
-2.579823601245880127e+01
-2.718085293471813202e+01
-2.922684466838836670e+01
-2.767022162675857544e+01
-2.922338047623634338e+01
-1.931206783652305603e+01
-2.896183279156684875e+01
-3.008809058740735054e+01
-2.362732484936714172e+01
-2.743090661242604256e+01
-3.259121996164321899e+01
-2.169032258167862892e+01
-2.381394648551940918e+01
-2.558954852819442749e+01
-1.847009972482919693e+01
-2.305762097239494324e+01
-2.601413623243570328e+01
-2.784377986192703247e+01
-3.034182879328727722e+01
-3.160729208588600159e+01
-2.897845737636089325e+01
-2.589200733602046967e+01
-2.601493219006806612e+01
-3.066897431015968323e+01
-3.577600580453872681e+01
-2.350517557561397552e+01
-2.855646467208862305e+01
-2.792336979508399963e+01
-2.830875271558761597e+01
-2.704553321003913879e+01
-3.256423845887184143e+01
-2.404015672206878662e+01
-2.364237606525421143e+01
-2.874608591198921204e+01
-3.079764048755168915e+01
-2.274770031869411469e+01
-3.239019864052534103e+01
-3.018546521663665771e+01
-2.556608134508132935e+01
-2.687882932811044157e+01
-2.484143859148025513e+01
-2.732137833535671234e+01
-2.681417968869209290e+01
-2.643599945306777954e+01
-2.502475810050964355e+01
-2.870093019306659698e+01
-1.406012864410877228e+01
-2.731591933965682983e+01
-3.239061355590820312e+01
-2.568275040388107300e+01
-3.198126938939094543e+01
-1.828232225775718689e+01
-1.526279151439666748e+01
-2.071586897969245911e+01
-3.083895102143287659e+01
-2.880240753293037415e+01
-2.935010579228401184e+01
-2.383819651603698730e+01
-1.898060868680477142e+01
-2.435102321952581406e+01
-2.722918501496315002e+01
-3.052383799478411674e+01
-3.118827110528945923e+01
-2.538756990432739258e+01
-2.880319544672966003e+01
-3.026072096824645996e+01
-2.939793491363525391e+01
-2.637725179223343730e+01
-2.031535005569458008e+01
-3.427910533547401428e+01
-5.099525200948119164e+01
-5.793261226452887058e+01
-5.243535903096199036e+01
-6.102142089605331421e+01
-2.559375510737299919e+01
-3.847657412290573120e+01
-6.689022701978683472e+01
-5.147064367681741714e+01
-5.056654420495033264e+01
-3.881326491385698318e+01
-5.199754382669925690e+01
-5.585805857181549072e+01
-3.800775990262627602e+01
-4.134149497747421265e+01
-5.586249017715454102e+01
-4.615005308389663696e+01
-2.914098560810089111e+01
-5.384458637237548828e+01
-5.020983099937438965e+01
-4.879991048574447632e+01
-5.349427306652069092e+01
-4.953440940380096436e+01
-4.823598742485046387e+01
-5.007076370716094971e+01
-4.709042103588581085e+01
-5.617549699544906616e+01
-4.559243062138557434e+01
-4.640065848827362061e+01
-4.976084319129586220e+01
-3.706788222491741180e+01
-5.348164397478103638e+01
-4.156148284673690796e+01
-4.586449453234672546e+01
-4.526685947179794312e+01
-4.192971354722976685e+01
-3.762403521127998829e+01
-4.477933251857757568e+01
-3.736373025178909302e+01
-4.180667632818222046e+01
-3.234418922662734985e+01
-5.532948154211044312e+01
-8.193349051475524902e+01
-7.715315937995910645e+01
-8.344875483214855194e+01
-7.622594825923442841e+01
-8.150141096115112305e+01
-7.570055413246154785e+01
-9.182278090715408325e+01
-7.068988006748259068e+01
-8.263936102390289307e+01
-6.298939458653330803e+01
-4.518042856454849243e+01
-4.931492805480957031e+01
-3.675689202547073364e+01
-3.995804378390312195e+01
-4.083191074617207050e+01
-4.708316832780838013e+01
-4.945509833097457886e+01
-4.717488512396812439e+01
-5.274208514392375946e+01
-3.630014485400170088e+01
-3.758382365107536316e+01
-5.310707455873489380e+01
-4.021747970301657915e+01
-5.359030318260192871e+01
-4.311367611214518547e+01
-4.109253454208374023e+01
-4.600062686204910278e+01
-4.976107088103890419e+01
-4.899954254040494561e+01
-4.444686339795589447e+01
-5.239543721079826355e+01
-5.700938799977302551e+01
-3.618703693151473999e+01
-5.946566629409790039e+01
-5.395206570625305176e+01
-5.389958590269088745e+01
-4.327386480569839478e+01
-4.788991548120975494e+01
-5.320072731375694275e+01
-1.508104047179222107e+01
-1.362066286802291870e+01
-2.273979146778583527e+01
-1.990567606687545776e+01
-2.010654701292514801e+01
-2.072991346381604671e+01
-2.372167100012302399e+01
-1.918548744916915894e+01
-2.203819639980792999e+01
-2.138350340723991394e+01
-2.216758068092167377e+01
-2.529415792226791382e+01
-1.857404723763465881e+01
-2.071693047881126404e+01
-1.645148764550685883e+01
-2.425777110457420349e+01
-2.250307479500770569e+01
-2.511859901249408722e+01
-2.128544777631759644e+01
-2.064739474654197693e+01
-1.969199398159980774e+01
-2.484434708952903748e+01
-1.861492890119552612e+01
-2.223979304730892181e+01
-2.257234573364257812e+01
-2.436370342969894409e+01
-2.599498623237013817e+01
-2.242157597839832306e+01
-1.898704172670841217e+01
-1.844448237121105194e+01
-2.496527461707592010e+01
-1.804506400227546692e+01
-1.912589133530855179e+01
-2.281545043736696243e+01
-2.423642443120479584e+01
-1.748196868598461151e+01
-1.900792288780212402e+01
-1.275769218802452087e+01
-1.741848674416542053e+01
-1.260589464195072651e+01
-1.673385238274931908e+01
-1.227227819152176380e+01
-1.655836006999015808e+01
-1.643126446381211281e+01
-1.359882172383368015e+01
-1.561497545242309570e+01
-1.876844969391822815e+01
-1.786923580244183540e+01
-2.551012764126062393e+01
-1.998652271926403046e+01
-1.831799127161502838e+01
-1.897032459080219269e+01
-2.266348277032375336e+01
-1.862398220598697662e+01
-2.132555339112877846e+01
-1.938809876702725887e+01
-1.871224359422922134e+01
-2.176823910698294640e+01
-1.842634746059775352e+01
-1.617794772982597351e+01
-1.751963955536484718e+01
-1.078809403628110886e+01
-2.444008189439773560e+01
-1.929573411494493484e+01
-2.047890312224626541e+01
-2.008562825620174408e+01
-1.297596448659896851e+01
-1.647310289740562439e+01
-1.288376124203205109e+01
-1.377887967973947525e-01
-1.416110352426767349e+01
-1.457749048620462418e+01
-1.756103155110031366e+01
-1.422534242272377014e+01
-2.420564918965101242e+01
-2.213281826674938202e+01
-1.677429316192865372e+01
-1.611088841035962105e+01
-1.006944140479754424e+01
-1.483668634295463562e+01
-2.327100698463618755e+01
-2.324727576971054077e+01
-2.122233910858631134e+01
-3.059210407733917236e+01
-3.977173477411270142e+01
-3.851758679747581482e+01
-3.626892535388469696e+01
-3.688859662413597107e+01
-2.897300875186920166e+01
-3.350400710105895996e+01
-2.753232753276824951e+01
-3.330575448274612427e+01
-3.965171706676483154e+01
-3.556748476251959801e+01
-2.695758876204490662e+01
-3.586406372487545013e+01
-2.703451450821012259e+01
-2.558845876157283783e+01
-2.943884369730949402e+01
-3.924354867264628410e+01
-2.261461526155471802e+01
-2.256680652033537626e+01
-2.837736985087394714e+01
-2.823559325933456421e+01
-1.481291348207741976e+01
-2.622587594389915466e+01
-2.997373192012310028e+01
-3.057591290771961212e+01
-2.553708799928426743e+01
-2.873307596147060394e+01
-3.156162697076797485e+01
-2.689413762092590332e+01
-2.930484856665134430e+01
-2.947766171395778656e+01
-1.129069644212722778e+01
-1.981378467287868261e+01
-2.469186490774154663e+01
-2.218118216842412949e+01
-2.458121591806411743e+01
-2.370362149178981781e+01
-2.389353309944272041e+01
-1.569520495086908340e+01
-3.156824550032615662e+01
-3.467666831612586975e+01
-2.778283661603927612e+01
-3.643315082788467407e+01
-3.498663090541958809e+01
-3.104382169246673584e+01
-3.877570950984954834e+01
-4.066369241476058960e+01
-3.211402348428964615e+01
-3.582947663962841034e+01
-3.468689415650442243e+01
-4.553373268246650696e+01
-3.944506123661994934e+01
-3.360750977694988251e+01
-3.414076107740402222e+01
-2.279792791604995728e+01
-1.691437369585037231e+01
-2.144692499190568924e+01
-2.392530152288964018e+01
-3.025804294645786285e+01
-1.872788667678833008e+00
-2.395442831516265869e+01
-2.173675875365734100e+01
-2.035115864872932434e+01
-1.813497786223888397e+01
-2.765580235421657562e+01
-3.840581744909286499e+01
-1.887830114737153053e+01
-2.594258447736501694e+01
-2.898845290020108223e+01
-2.987859930098056793e+01
-2.595956853032112122e+01
-1.504598388820886612e+01
-2.401366722583770752e+01
-2.910236135125160217e+01
-2.246064804494380951e+01
-3.183178621530532837e+01
-2.516181667800992727e+01
-2.009859034419059753e+01
-2.114546658098697662e+01
-3.468346053361892700e+01
-3.195447476580739021e+01
-3.285617426410317421e+01
-3.287306272983551025e+01
-3.501982505619525909e+01
-1.736814792454242706e+01
-9.360689267516136169e+00
-1.089579816162586212e+01
-1.181377527117729187e+01
5.118508072569966316e+00
-8.011604920029640198e+00
-9.113860208541154861e+00
-1.212780294567346573e+01
-8.668127357959747314e+00
-1.092038646340370178e+01
-1.108759702742099762e+01
-1.094667696999385953e+01
-1.221675700694322586e+01
-1.180900039151310921e+01
-9.976224318146705627e+00
-7.496886781416833401e+00
-1.196087616914883256e+01
-1.263950302451848984e+01
-1.811835176497697830e+01
-1.417034910526126623e+01
-9.494680047035217285e+00
-1.680552893504500389e+01
-1.571174725890159607e+01
-1.934074939787387848e+01
-2.023073194921016693e+01
-1.409455419518053532e+01
-1.164920587837696075e+01
-1.706408051401376724e+01
-1.765981797128915787e+01
-2.217371577024459839e+01
-1.828466409351676702e+01
-1.595988515019416809e+01
-1.525579136610031128e+01
-1.990236451476812363e+01
-1.547484673559665680e+01
-1.651298746466636658e+01
-1.773104269802570343e+01
-1.215844025462865829e+01
-1.604644086956977844e+01
-1.742511141300201416e+01
-1.472441454231739044e+01
-9.388467639684677124e+00
-8.390437245368957520e+00
-9.487422108650207520e+00
-1.184861516952514648e+01
-3.583636060357093811e+00
-9.463636755943298340e+00
-9.509405456483364105e+00
-1.090024532377719879e+01
-9.002598334103822708e+00
-1.019208217412233353e+01
-1.125300949066877365e+01
-1.170208238624036312e+01
-1.307951281964778900e+01
-1.146377560496330261e+01
-1.300420138239860535e+01
-9.868413347750902176e+00
-1.004042598605155945e+01
-1.067724740505218506e+01
-9.517528735101222992e+00
-2.949860015884041786e+01
-9.596840333938598633e+01
-9.392390465736389160e+01
-8.123124799132347107e+01
-7.651446223258972168e+01
-9.150374226272106171e+01
-7.028055810928344727e+01
-6.817433381080627441e+01
-2.586065638065338135e+01
-1.088917712867259979e+01
-1.161510348320007324e+01
-9.512195080518722534e+00
-3.574517861008644104e+00
-1.004682092368602753e+01
-1.073272210988216102e+01
-7.813355460762977600e+00
-5.376895606517791748e+00
-1.292811556905508041e+01
-1.126631803810596466e+01
-9.133247874677181244e+00
-1.269850524887442589e+01
-9.891532897949218750e+00
-1.635251324623823166e+01
-2.291816960275173187e+01
-1.709491658210754395e+01
-1.810229344666004181e+01
-1.721533210575580597e+01
-1.781452444195747375e+01
-2.045279534906148911e+01
-1.795625531673431396e+01
-1.979012912511825562e+01
-1.203535638749599457e+01
-1.432728927035350353e+01
-1.869931407272815704e+01
-1.594794874638319016e+01
-1.454530929028987885e+01
-2.129476892948150635e+01
-1.346739401482045650e+01
-1.240896646678447723e+01
-3.833049172163009644e+01
-5.106159865856170654e+01
-4.734668788313865662e+01
-4.881570547819137573e+01
-4.708866536617279053e+01
-4.113149914145469666e+01
-4.432326680421829224e+01
-4.449100524187088013e+01
-4.488517275452613831e+01
-3.492179526388645172e+01
-5.255195456743240356e+01
-3.748928463459014893e+01
-4.059199392795562744e+01
-5.339324364066123962e+01
-3.740979221463203430e+01
-5.243406164646148682e+01
-4.130983684957027435e+01
-4.284149418771266937e+01
-5.410447242856025696e+01
-4.466374705545604229e+01
-4.889473579078912735e+01
-4.750858166813850403e+01
-1.875600561499595642e+01
-8.798104081302881241e+00
-8.860201001167297363e+00
-1.027628874406218529e+01
-1.266948369145393372e+01
-1.053025870025157928e+01
-1.122631747089326382e+01
-8.904047235846519470e+00
-1.127836997807025909e+01
-1.078690443933010101e+01
-8.701674729585647583e+00
-7.810707941651344299e+00
-1.084967309236526489e+01
-5.977612003684043884e+00
-6.043328575789928436e+00
-8.792420151177793741e+00
-1.072287648683413863e+01
-1.012755482643842697e+01
-1.256086792051792145e+01
-1.120304256677627563e+01
-1.152743436209857464e+01
-1.012979231774806976e+01
-1.108722812216728926e+01
-1.181800383329391479e+01
-9.363209947943687439e+00
-1.133060630410909653e+01
-1.064814745076000690e+01
-8.992728658020496368e+00
-1.205756188649684191e+01
-7.014386564493179321e+00
-1.236318575590848923e+01
-8.511485484428703785e+00
-1.068187795579433441e+01
-1.283177189528942108e+01
-9.626784514635801315e+00
-1.164402601122856140e+01
-1.428944575041532516e+01
-1.446442168951034546e+01
-1.276029510796070099e+01
-1.840802526473999023e+01
-2.315816694498062134e+01
-3.805134393274784088e+01
-3.140415759012103081e+01
-3.690110254287719727e+01
-4.456662505865097046e+01
-3.351161897182464600e+01
-3.330328977108001709e+01
-3.676224458124488592e+01
-3.585776785016059875e+01
-4.150445902347564697e+01
-2.594506353139877319e+01
-3.684239263832569122e+01
-4.273585534468293190e+01
-4.418033127486705780e+01
-3.530553926527500153e+01
-3.716128981113433838e+01
-3.520931643247604370e+01
-4.408571428060531616e+01
-3.928351329639554024e+01
-3.843550574779510498e+01
-3.564737823605537415e+01
-3.334332717582583427e+01
-3.391766563057899475e+01
-3.348854753375053406e+01
-2.926113063097000122e+01
-3.502009054645895958e+01
-3.752578806877136230e+01
-4.175430017709732056e+01
-3.966373944282531738e+01
-3.903164595365524292e+01
-4.170830067992210388e+01
-4.419491937756538391e+01
-3.708572399616241455e+01
-4.080459231138229370e+01
-3.406270860135555267e+01
-3.612500648200511932e+01
-1.717619113624095917e+01
-1.630417863279581070e+01
-1.600283053517341614e+01
-9.225855924654752016e+00
-9.693814639002084732e+00
-1.083965038508176804e+01
-1.202200627326965332e+01
-1.334668589383363724e+01
-1.026020151097327471e+01
-1.013840191811323166e+01
-1.405824457108974457e+01
-1.135186337679624557e+01
-1.215256191417574883e+01
-1.151245610788464546e+01
-1.332801220566034317e+01
-1.299364001490175724e+01
-1.721126958727836609e+01
-6.028366148471832275e+00
-1.027360017597675323e+01
-1.877571136504411697e+01
-5.188808725215494633e+00
-9.308764595538377762e+00
-4.690089076757431030e+00
-8.608171749394387007e+00
-8.428992845118045807e+00
-1.239370507001876831e+01
-1.260755180194973946e+01
-1.178453204035758972e+01
-6.139061294496059418e+00
-1.451631665229797363e+01
-1.082899846136569977e+01
-1.087710385024547577e+01
-7.006359111983329058e+00
-1.644647188484668732e+01
-1.213320685923099518e+01
-1.208809817396104336e+01
-1.042102290689945221e+01
-1.580586392804980278e+01
-1.290219510719180107e+01
-1.180632831156253815e+01
-8.355440124869346619e+00
-1.078870768845081329e+01
-1.052673141658306122e+01
-9.852347908541560173e+00
-1.355204733274877071e+01
-1.152938292175531387e+01
-1.226808954775333405e+01
-1.202384035289287567e+01
-1.348729565739631653e+01
-2.396093383431434631e-01
-1.655714506655931473e+01
-1.988325192220509052e+01
-5.309781078249216080e+00
-1.524129552394151688e+01
-1.135558690130710602e+01
-1.249330643564462662e+01
-1.254317408800125122e+01
-1.767117113620042801e+01
-1.257273053377866745e+01
-1.684708366543054581e+01
-1.626659999787807465e+01
-9.794153642840683460e+00
2.462481148540973663e-01
-7.067275032401084900e+00
-5.522007964551448822e+00
-1.430174213834106922e+01
-6.132131882011890411e+00
-1.327848255634307861e+01
-1.190435526147484779e+01
-9.168158185442734975e+00
7.559103714302182198e-01
-1.564895084127783775e+01
-9.704474991653114557e+00
-9.242090284824371338e+00
-2.541301316022872925e+01
-3.536977541446685791e+01
-3.986109107732772827e+01
-3.049904671311378479e+01
-3.233802144974470139e+01
-3.596019831299781799e+01
-3.696420907974243164e+01
-3.044596296548843384e+01
-3.667852924764156342e+01
-3.675358247756958008e+01
-3.101643536612391472e+01
-3.647982287406921387e+01
-2.034697484970092773e+01
-2.868278723955154419e+01
-4.004510027170181274e+01
-3.149868699908256531e+01
-3.332424923777580261e+01
-3.141243916749954224e+01
-3.319455087184906006e+01
-3.423329984396696091e+01
-3.455809548497200012e+01
-3.486536568403244019e+01
-3.250016692280769348e+01
-3.442186082154512405e+01
-2.880108523368835449e+01
-3.052051430940628052e+01
-3.568571534752845764e+01
-2.230744862556457520e+01
-3.291684356331825256e+01
-3.785471656918525696e+01
-3.697113817930221558e+01
-3.418958234786987305e+01
-2.669435191154479980e+01
-2.764913140237331390e+01
-3.446603399515151978e+01
-3.013684811443090439e+01
-3.402945190668106079e+01
-3.245158321410417557e+01
-3.097329667210578918e+01
-3.676202941685914993e+01
-3.600447663664817810e+01
-2.776347997784614563e+01
-2.862936012446880341e+01
-3.805317182838916779e+01
-3.320374254137277603e+01
-2.835391604900360107e+01
-1.141651351749897003e+01
-1.279790931940078735e+01
-1.205242925882339478e+01
-1.465523265302181244e+01
-1.525454747676849365e+01
-1.430034808441996574e+01
-1.362531864643096924e+01
-1.379490943998098373e+01
-1.472428029589354992e+01
-1.453580750524997711e+01
-1.365235742926597595e+01
-1.209847597777843475e+01
-1.427005413174629211e+01
-1.550753680616617203e+01
-1.343480968102812767e+01
-1.389968305826187134e+01
-1.214252964965999126e+01
-1.362965497374534607e+01
-1.344720262289047241e+01
-1.372720426321029663e+01
-1.359284703433513641e+01
-1.349785094708204269e+01
-1.378878228925168514e+01
-1.552872674167156219e+01
-1.398511522915214300e+01
-1.260376165807247162e+01
-9.439395651221275330e+00
-1.481784172262996435e+01
-9.805215850472450256e+00
-1.163841531798243523e+01
-1.386154408007860184e+01
-9.329536017030477524e+00
-1.548929202556610107e+01
-1.351531366631388664e+01
-1.208573570847511292e+01
-1.330829052627086639e+01
-1.203318005800247192e+01
-1.468938910961151123e+01
-8.815274730324745178e+00
-1.364959195256233215e+01
-4.779083512723445892e+00
-1.042712824419140816e+01
-1.539140264689922333e+01
-1.208143376000225544e+01
-4.782419925788417459e+00
-3.282197125256061554e+00
-4.035733861848711967e+00
-1.165968339890241623e+00
-3.777640410698950291e+00
1.106327564688399434e+00
-6.174111310392618179e+00
-2.567367385141551495e+00
-2.012309782207012177e+00
-1.118596773594617844e+00
-4.282137513160705566e+00
-4.390123933553695679e+00
-1.748240263666957617e+00
-2.088893952779471874e+00
-4.551592107862234116e+00
-7.535501474048942327e-01
-3.634817874059081078e+00
-8.288350440561771393e-01
-3.737842169590294361e+00
5.699999071657657623e-02
-4.763079864438623190e+00
5.918884454295039177e-01
-3.608247295022010803e+00
-2.923541791737079620e+00
-6.663701383396983147e+00
-5.337801897898316383e+00
-2.193701075389981270e+00
-5.045786991715431213e+00
-5.168080631643533707e+00
-3.976143568754196167e+00
-8.603888228535652161e-01
-2.341846764087677002e+00
-6.020525844767689705e+00
-3.970789620187133551e+00
-2.640037027187645435e+00
1.630580552155151963e+00
-1.503236511722207069e+00
-4.871876950375735760e+00
-6.233512762933969498e+00
-9.663380631245672703e-01
-3.179118342697620392e+00
-4.380965575575828552e+00
-3.057214259169995785e+00
-3.774635650217533112e+00
-5.809418125078082085e+00
-4.526248424313962460e+00
-2.765223542461171746e+00
-4.875825680792331696e+00
-3.586038047447800636e+00
-2.191551791504025459e+00
-3.488834381103515625e+00
1.892535246908664703e+00
-3.896520159207284451e+00
-5.884172394871711731e+00
-4.070866316556930542e+00
2.053609199821949005e+00
-8.224501490592956543e+00
-3.145932038314640522e+00
-5.639563463628292084e-01
-8.261088538914918900e+00
-5.557997692376375198e-01
-9.807498647132888436e-01
-2.030901389196515083e+00
-5.458545229863375425e+00
-4.046773159876465797e+00
-3.750135857611894608e+00
-1.348208168055862188e+00
-3.070101168937981129e+00
-2.034892607480287552e+00
-3.876103053567931056e+00
1.583036530762910843e+00
-4.250017700716853142e+00
-2.388737365603446960e+00
-2.363534244941547513e+00
-4.073007620871067047e+00
1.569110453594475985e+00
-1.200756350532174110e+00
-3.453705286141484976e+00
-2.460186240263283253e+00
-5.689823838882148266e+00
-3.069193676533177495e+01
-4.894642972946166992e+01
-4.147241501510143280e+01
-3.559997797012329102e+01
-4.018136649206280708e+01
-5.705345314741134644e+01
-4.423391312360763550e+01
-3.926569050550460815e+01
-4.255903720855712891e+01
-4.710451024770736694e+01
-3.041572431474924088e+01
-2.323423489928245544e+00
-1.763141468167304993e+00
-3.492781565524637699e+00
-4.132282059639692307e+00
-1.680922143161296844e+00
-3.262567311525344849e+00
-4.456079470925033092e+00
-7.160961335524916649e+00
-3.076373867341317236e+00
-2.731170826213201508e+00
-3.792923871427774429e+00
-3.404545309953391552e+00
-4.233615975826978683e+00
-1.586016863584518433e+00
-3.326439488679170609e+00
-3.001059507951140404e-01
-4.016544245183467865e+00
-4.584685698151588440e+00
-2.357905339449644089e+00
-3.673719603568315506e+00
-3.008270815014839172e+00
-3.526939924806356430e+00
-3.465366896241903305e+00
-5.572744905948638916e-01
-3.349122286774218082e+00
-2.965891823172569275e+00
-3.228576995432376862e+00
-3.581763306399807334e+00
-3.154212646186351776e+00
-2.698525900021195412e+00
-3.827109485864639282e+00
-2.793176565319299698e+00
-3.680534627754241228e+00
1.870113827288150787e+00
-1.937127381563186646e+00
-3.956068327650427818e+00
-1.335800949484109879e+00
-3.047026485204696655e+00
-3.703377796337008476e+00
-2.820763461291790009e+00
-3.506278106942772865e+00
-1.941464871168136597e+00
-2.996019758284091949e+00
-3.509259006008505821e+00
-7.079407464712858200e+00
-3.865078069269657135e+00
-4.238474387675523758e+00
-3.164333948865532875e+00
-2.518454634584486485e+00
-4.512638498097658157e+00
-3.555887963622808456e+00
-3.108279395848512650e+00
-3.860254729166626930e+00
-3.385013692080974579e+00
-1.566040849313139915e+00
-2.283743981271982193e+00
-2.761707630008459091e+00
-2.950441893190145493e+00
-2.305593620054423809e+00
-3.531938549131155014e+00
-4.191951313987374306e+00
-2.777176732663065195e+00
-3.284082315862178802e+00
-2.878147494047880173e+00
-5.157672975212335587e+00
-3.190088469535112381e+00
-5.544556462904438376e+00
-3.929277546703815460e+00
-4.284061051905155182e+00
-3.455908125266432762e+00
-3.256958207581192255e+00
-1.882288798689842224e+00
-2.027783233672380447e+00
-3.210838113911449909e+00
-1.316677883267402649e+00
-3.552600285038352013e+00
-2.250426785205490887e+00
-2.909696978982537985e+00
-2.592126302421092987e+00
7.725857640616595745e-01
-2.714979231357574463e+00
-1.616410416550934315e+00
-3.995908825541846454e+00
-4.465000811964273453e+00
-4.260514739900827408e+00
-3.244954425841569901e+00
-4.132965184748172760e+00
-3.203597897663712502e+00
-2.231333987787365913e+00
-3.246312903240323067e+00
-1.571960340719670057e+00
-4.595265109091997147e+00
-4.280039954930543900e+00
-3.207206805236637592e+00
2.124049896374344826e+00
-1.957300910726189613e+00
-4.252734657377004623e+00
-2.883286394178867340e+00
-2.164528740104287863e+00
-2.913590246811509132e+00
-6.920297248288989067e+00
-1.295194962993264198e+00
-2.471431232988834381e-01
-2.173458753153681755e+00
-5.239317386178299785e+00
-3.650742590427398682e+00
-3.687071259599179029e+00
-3.664126793300965801e+00
-6.422541312873363495e+00
-2.273549553006887436e+00
-4.206329353153705597e+00
-3.547922931611537933e+00
-5.623728699982166290e+00
-1.182233078405261040e+00
-5.260133843868970871e+00
-4.458901191130280495e+00
-2.196940904483199120e+00
-4.161790538579225540e+00
-2.950501759536564350e+00
-2.608476150315254927e+00
-1.166526600718498230e-01
1.828250177204608917e-01
-3.520651875063776970e+00
-6.294960416853427887e-01
-1.015815626829862595e+00
-1.497698552906513214e+00
-2.221282305661588907e+00
-3.309414116200059652e+00
-2.839865262387320399e+00
-3.094186210655607283e+00
-2.834683876531926217e+00
-5.850743673741817474e+00
-2.711187254637479782e+00
-3.172493775375187397e+00
-5.195717103779315948e+00
-2.064211796969175339e+00
-2.950422938913106918e+00
-2.805612552911043167e+00
-3.981748135760426521e+00
-2.809628898277878761e+00
-2.032304019026923925e+00
-1.511390137486159801e+00
-2.767168393358588219e+00
-5.767911132425069809e+00
-4.653055236674845219e+00
-1.609123542904853821e+00
-5.648187298327684402e+00
-1.137625271687284112e+00
-3.575004465412348509e+00
-3.768168266629800200e+00
-1.970183890312910080e+00
-4.746742911636829376e+00
-2.606332297436892986e-01
-4.454050704836845398e+00
-3.441546414047479630e+00
-4.063915576785802841e+00
-3.153565573506057262e+00
-3.463586208061315119e+00
-1.441225960850715637e+00
-3.725258158723590896e+00
-2.417998319491744041e+00
-4.992193809710443020e+00
-1.902042508125305176e+00
-2.937007949338294566e+00
-6.049511038407217711e+00
-1.411069661378860474e+00
-4.426981781842187047e+00
-5.536344531923532486e+00
-6.297325365012511611e+00
-3.634543888270854950e+00
-1.210105815937276930e+01
-5.486733673140406609e+00
2.686594081390649080e+01
-7.298995681107044220e+00
-4.419127778150141239e+00
-2.463975366204977036e+00
-1.095245741028338671e+01
-5.829554576426744461e+00
-2.816456947475671768e+00
-5.496747225522994995e+00
6.239287212491035461e+00
-9.794862307608127594e+00
-1.189762530103325844e+01
-5.561380433267913759e+00
-1.190056741982698441e+01
-8.101244486868381500e+00
-1.283665342256426811e+01
-4.872538546100258827e+00
-3.530355591326951981e+00
-1.576242604851722717e+01
-2.274034891277551651e+00
-5.330857250839471817e+00
-1.466176270134747028e+01
-9.980046720593236387e+00
-7.445612621959298849e+00
-1.375723704695701599e+00
-8.905733916908502579e+00
-1.107843523472547531e+01
-6.589680931530892849e+00
-3.314150173217058182e+00
-3.050300531089305878e+00
9.520651428028941154e-01
-7.941889974288642406e+00
-8.526501301676034927e-01
-1.126567957433871925e+01
-1.231948551721870899e+01
-6.875813070684671402e+00
-6.874624006450176239e+00
-2.976541802287101746e+00
-9.176173300947993994e+00
-5.964145012199878693e+00
-1.091580787487328053e+01
-1.342551400512456894e+01
-2.356625235406681895e+00
-3.987478209892287850e+00
-1.072235015034675598e+01
4.666748076677322388e+00
-3.893957510590553284e+00
-5.969479039311408997e+00
-7.870482154190540314e+00
-1.353957882523536682e+01
3.733216993510723114e+00
-2.982127752155065536e+00
-7.553925905376672745e+00
-1.264310559630393982e+01
-5.742466446012258530e+00
-1.292116595804691315e+01
-5.335433972533792257e+00
-1.601097820699214935e+01
-9.358831377699971199e+00
-1.234131538309156895e+01
-1.393648905807640404e+01
-1.175284552574157715e+01
-7.233833316713571548e-01
-2.211475539021193981e+00
-1.870153082162141800e+01
-8.035438306629657745e+00
-5.888769888784736395e+00
-4.628756457008421421e+00
-3.499609599821269512e+00
-1.767804820090532303e+00
-8.765906250104308128e+00
-4.259142629802227020e+00
-7.240404913434758782e+00
-1.081393061578273773e+01
-8.839768638834357262e+00
-8.796795097179710865e+00
-3.556576780974864960e+01
-3.513285064697265625e+01
-2.686417934298515320e+01
-3.247933408617973328e+01
-2.780001497268676758e+01
-3.586522065848112106e+01
-3.151226998865604401e+01
-2.853596323728561401e+01
-3.338973751664161682e+01
-3.751234364509582520e+01
-2.387857635039836168e+01
-5.489982749335467815e+00
-5.079153729602694511e+00
-6.086913692299276590e+00
-5.102083256933838129e+00
-5.316534481942653656e+00
-4.673375006765127182e+00
-2.074707812163978815e+00
-5.189844945445656776e+00
-5.404483929276466370e+00
-2.441153307445347309e+00
-3.982119642198085785e+00
-3.946224916726350784e+00
-5.379650846123695374e+00
-5.183577347546815872e+00
-4.343675188720226288e-01
-5.688639570027589798e+00
-4.760608658194541931e+00
-5.257345657795667648e+00
-5.317539747338742018e+00
-2.097331229597330093e+00
-6.907361865043640137e+00
-3.605861280113458633e+00
-4.957470526918768883e+00
-3.518410036340355873e+00
-4.140359386801719666e+00
-5.537269949913024902e+00
-5.238775838632136583e+00
-2.682148166000843048e+00
-3.041400275193154812e+00
-4.107644032686948776e+00
-4.932734693400561810e+00
-4.208329038694500923e+00
-5.513331664726138115e+00
-2.842495736666023731e+00
-4.654792957007884979e+00
-5.519785709679126740e+00
-4.617988772690296173e+00
-5.343966647982597351e+00
-6.528808750212192535e+00
-5.583632798865437508e+00
-4.367887221276760101e+00
-3.785451776348054409e+00
-3.585896924138069153e+00
-7.515654378570616245e+00
-2.768527369946241379e+00
-5.324420101940631866e+00
-5.130515024997293949e+00
-5.169057652354240417e+00
-3.794980222359299660e+00
-5.609288553707301617e+00
-5.324665032327175140e+00
-4.784896519035100937e+00
-4.753795463591814041e+00
-4.640522532165050507e+00
-3.336605340708047152e+00
-2.928822712041437626e+00
-6.230701513588428497e+00
-3.272749850526452065e+00
-4.877869145944714546e+00
-5.032865437678992748e+00
-5.971674844622612000e+00
-5.296253468841314316e+00
-4.976730080787092447e+00
-7.807147115468978882e+00
-5.275114629417657852e+00
-2.679739643819630146e+00
-5.252963468432426453e+00
-4.564162617549300194e+00
-2.085513118933886290e+01
-4.591165262460708618e+01
-3.668571873009204865e+01
-4.380199733376502991e+01
-4.361900675296783447e+01
-3.891564151272177696e+01
-4.651720952987670898e+01
-5.119877052307128906e+01
-4.222234725952148438e+01
-3.582768303155899048e+01
-2.271858540177345276e+01
-3.909031602740287781e+01
-4.921647261083126068e+01
-3.870293709635734558e+01
-4.302519470453262329e+01
-4.929931813478469849e+01
-2.157154339551925659e+01
-1.002238492667675018e+01
-1.036546003073453903e+01
-1.325951698049902916e+01
-1.220058164000511169e+01
-1.451080793142318726e+01
-1.475295505672693253e+01
-1.123020088672637939e+01
-1.327238218486309052e+01
-1.261408037692308426e+01
-1.571206343173980713e+01
-1.415684997849166393e+01
-1.127884036302566528e+01
-1.240296632051467896e+01
-1.311065082252025604e+01
-1.184340141713619232e+01
-9.774132110178470612e+00
-1.271576879918575287e+01
-1.438483166694641113e+01
-1.063114631175994873e+01
-1.346963264048099518e+01
-1.086389508727006614e+01
-1.136481122672557831e+01
-1.147729198634624481e+01
-1.380461769178509712e+01
-1.112518620491027832e+01
-1.207870566844940186e+01
-1.219392158091068268e+01
-1.363722125440835953e+01
-1.388368147611618042e+01
-1.034504809230566025e+01
-3.136345036141574383e+01
-4.907255196571350098e+01
-4.606366083025932312e+01
-4.854493978619575500e+01
-5.594105440378189087e+01
-5.673271083831787109e+01
-5.283908319473266602e+01
-4.678395652770996094e+01
-5.031034457683563232e+01
-4.559030002355575562e+01
-5.433655616641044617e+01
-4.651750886440277100e+01
-4.593374854698777199e+01
-5.829287958145141602e+01
-4.555791544914245605e+01
-5.136848324537277222e+01
-2.926452836021780968e+01
-1.320886500179767609e+01
-7.884971655905246735e+00
-1.329457537084817886e+01
-8.787375688552856445e+00
-1.341042122244834900e+01
-1.422120675444602966e+01
-1.286901161074638367e+01
-9.045997858047485352e+00
-1.063937457650899887e+01
-1.222352185845375061e+01
-1.301001658104360104e+01
-1.481239518523216248e+01
-1.020805997401475906e+01
-1.285491014365106821e+01
-1.406369795650243759e+01
-1.465019718557596207e+01
-1.066611389815807343e+01
-1.252401632070541382e+01
-1.357055397331714630e+01
-1.386771205533295870e+01
-9.067493630573153496e+00
-4.473730719648301601e+00
-5.930550988763570786e+00
-4.936672493815422058e+00
-4.081027865409851074e+00
-4.326314762234687805e+00
-5.256758294999599457e+00
-9.935111896134912968e+00
-3.503455966711044312e+00
-4.340772412717342377e+00
-4.317354978993535042e+00
-5.690340667963027954e+00
-4.947412465699017048e+00
-7.362051164731383324e+00
-4.365976824890822172e+00
-6.256486222147941589e+00
-6.536999210715293884e+00
-7.423410400748252869e+00
-2.384110160171985626e+00
-9.961046966724097729e+00
-4.008101361803710461e+00
-4.703762330580502748e+00
-4.868054803460836411e+00
-8.194430436939001083e+00
-3.174713253974914551e+00
-7.970462765544652939e+00
-5.296818468545097858e+00
-6.699312686920166016e+00
-6.903388884849846363e+00
-2.238422185881063342e+00
-5.852416688576340675e+00
2.070210071280598640e+00
-5.604372736066579819e+00
-3.859820314191892976e+00
-7.867572905495762825e+00
-9.127503436058759689e+00
-7.383282825350761414e+00
-6.527795786038041115e+00
-6.576560731948120520e+00
-7.813510179519653320e+00
-8.216554619371891022e+00
-1.062737352773547173e+01
-8.594001930207014084e+00
-1.023678078316152096e+01
-9.386274470947682858e+00
-1.159397537261247635e+01
-1.106218414753675461e+01
-7.942130316048860550e+00
-4.456767030060291290e+00
-9.467782407999038696e+00
-8.826092110946774483e+00
-7.836547868326306343e+00
-3.754315765574574471e+00
-3.717137800529599190e+00
-9.342792152892798185e+00
-7.151923060417175293e+00
-8.208347955718636513e+00
-9.556845083832740784e+00
-5.269681053236126900e+00
-2.948938012123107910e-01
-1.031226973980665207e+01
-7.310939606279134750e+00
-7.147801563143730164e+00
-2.078029915690422058e+00
-1.508911523967981339e+00
-6.838366985321044922e+00
-8.776268023997545242e+00
