7.628474889926556424e-02
1.205370734505817887e-01
3.556743487200915710e-01
3.615099683430682553e-01
4.841310250518920388e-01
3.363582274184701570e-01
3.495130039308562697e-01
2.333810459933662873e-01
2.139007038221591994e-01
1.331293686136982291e-01
6.976686709134044539e-02
9.696719493843058979e-02
4.775671062342429218e-01
4.426722197361401268e-01
2.077773664837748169e-01
2.230417851329540291e-01
4.771249795385060222e-01
3.052697867097585727e-01
1.682750707376610144e-01
4.592980536975191930e-01
1.383156281716855784e-01
4.153293968958555182e-01
2.358176978152468628e-01
2.854929469622338734e-01
4.160232464199501989e-01
1.037676749737365123e-01
8.370138666383475368e-03
2.918096379815920960e-02
4.652918506821939193e-01
2.174377037218941378e-01
3.492440228380160883e-01
2.713927084516848387e-02
2.169641432187505714e-01
5.291429319058776892e-02
4.771628443103769213e-01
3.343862109850508357e-01
1.669439529418491608e-01
2.601976581260712074e-01
1.347557419732889339e-01
3.285798572258177286e-01
2.811738027024174302e-01
2.849461564595512919e-01
4.206884748654765582e-01
1.065755175489668249e-01
4.256523996810370192e-01
2.399478365161658022e-01
4.648825256558282160e-01
2.642714240904368017e-01
4.457256458841872826e-01
6.624615112396270433e-02
1.662553074433825717e-02
3.586145051865012312e-01
2.223678947139933748e-01
4.822276020187108436e-01
4.801843029960120024e-01
2.945252252273206639e-01
3.602263425271471919e-01
7.299682778531252358e-02
1.874251118634105429e-01
2.279164151615750145e-01
1.709018959021151862e-01
4.098825288087427077e-01
2.533582629615365733e-01
4.026115328960461204e-01
8.557714513767966658e-02
4.600157866737153434e-02
2.513289273295307158e-01
1.476962982524038237e-01
1.634577500374042591e-01
6.331547843143547905e-03
2.599165051642332580e-01
1.866837710013847795e-01
2.524755022198549859e-01
3.596396929934305708e-01
9.803092326477397256e-02
3.786286477930660976e-01
5.685156088158727083e-03
4.985344678837887455e-01
2.632903648821532938e-02
2.888083206344443377e-01
1.710974303875333891e-01
9.189200498063082589e-02
1.731127859677084602e-01
1.648745865204809258e-02
4.869526797048212563e-01
2.797131360877723738e-01
3.518743457236937489e-01
1.405206574555495913e-01
2.750506769097394444e-01
1.342001935798222134e-01
1.892902528931633133e-01
4.385930904477232106e-01
8.062167356408467267e-02
3.212499098339544057e-02
2.428086222284019380e-01
1.439520778372134213e-01
3.000886652420208800e-01
4.709500854792926239e-01
2.094325547943995391e-01
3.045452239891396351e-01
2.001536846163819439e-01
4.633952158727301929e-01
3.197434306304148821e-01
8.266881043051710343e-02
3.857640523263302645e-01
4.933679227385045496e-01
8.800008810545906224e-02
2.459858405271589943e-01
3.891673496582230829e-01
3.053398021473787138e-01
2.768928582440060571e-01
2.186182063246263629e-01
2.417778573445822365e-01
2.748979679920343089e-01
2.258491614691300331e-01
3.823927163898523940e-01
3.719005006962118332e-01
3.187446041470818336e-01
1.691437725347118559e-01
3.472873957034796066e-01
2.148628375589948791e-01
1.682753533333927187e-01
5.101007043838040600e-02
9.972453627975064183e-02
2.298890152216105931e-01
4.614997685373287695e-01
3.039646844115996838e-01
1.170052167921796782e-01
1.262833822697875252e-01
8.809395962582794448e-02
3.283381645690672257e-01
4.364240268313865356e-01
2.175039166584185057e-01
1.490925719730856747e-01
1.568774891644210134e-01
4.004836940676381740e-01
4.830241908746078505e-01
2.411562307293987351e-01
8.313218991462884011e-02
5.468850332149499671e-02
3.098052792059610705e-01
8.107729178747846710e-02
3.084546162692108351e-01
1.289330409660907617e-01
1.177611340884329727e-01
4.229026099549469953e-01
3.924942016723516058e-01
2.677597150206467713e-01
3.003727177381909086e-01
2.861488796251311917e-01
2.131632520332633618e-01
2.473948813698316762e-01
4.849856643122541500e-01
1.046679670885938829e-01
3.173952655898889530e-01
5.202428416850918280e-02
2.887712581570033854e-01
9.575914377203159633e-02
1.208439736573093115e-01
2.899325074784908640e-03
1.962428904425333465e-01
4.863776968441094195e-01
1.829157996533026798e-01
2.228795409749936840e-01
3.491921581250970186e-01
6.817040358017234514e-02
2.935779137271171679e-02
3.638690483129813913e-02
2.278133157589790070e-01
2.587204156621979445e-01
2.316831378114665996e-01
3.830973721945285515e-01
4.532869358873137244e-02
3.952469893306267412e-01
2.504831377051958685e-01
2.517268894344475427e-01
4.003153480933031028e-01
2.952971290599168408e-01
2.638438134224598830e-01
2.884467655051592971e-01
4.878947559611632734e-01
4.854990082180878908e-01
2.536708185186303810e-02
1.670083599618534809e-01
4.630390982453062021e-01
6.919740745779351387e-02
3.348636563796886234e-01
4.384633322675486888e-01
5.693846222854775929e-02
2.372099296949664593e-02
1.956616312815124270e-01
2.061927592064539128e-01
2.421481022996820887e-01
8.446599648177266495e-02
3.824902089188811360e-01
2.554566007010030115e-01
3.326745340055929923e-01
4.472627205894121882e-01
1.706600753092773481e-01
2.642073563206902009e-01
2.702040952477690605e-01
2.190103382977556246e-01
2.412521153005200980e-01
4.917822242477465355e-01
3.504181398176555162e-01
4.731824521526086791e-01
1.629398985931053701e-01
4.567325195248148062e-01
6.891030532981673451e-02
9.686815562067563334e-02
4.680298586386902326e-01
7.565081602729828436e-02
3.078835599967091885e-01
2.381216727132984268e-01
4.302502418877391377e-01
1.178136693973289018e-01
3.018430989786391461e-02
3.207185350313530581e-01
1.312319160642324012e-01
4.867302138097989728e-01
2.128368193755289517e-01
1.671906080279622619e-01
3.819760904979739302e-01
4.523623034059918724e-01
4.724976431388810960e-01
4.765188588586835028e-01
1.922012601103138540e-01
7.623629265667924981e-02
1.767528836086051935e-01
2.812682306994295778e-01
2.957958341792746859e-01
3.834815680176287267e-01
4.044305995793974207e-01
3.112351077485545070e-01
2.255700685962220842e-01
4.338325278621478209e-01
3.545217149520744071e-01
3.805826176015162376e-01
1.590348035852500175e-01
3.503732095834108384e-01
9.432038322373353934e-02
3.891423953274499303e-01
1.090249084501067611e-01
3.938849259214513565e-01
2.667676199106933099e-02
3.450025227661690508e-03
1.972736771046670889e-01
4.483182518505101632e-01
2.587506696404697215e-01
1.454508890545580524e-02
6.095628132867070281e-02
5.645806267106201481e-02
4.728045462191448611e-01
2.664845176907320035e-01
2.218274856143586660e-01
1.540712627114338984e-01
9.869581032440710722e-02
7.372318427223351067e-02
6.778640091714360771e-03
2.305949367043888532e-01
6.269287147851959618e-02
1.890044535278502802e-01
4.804975192005873086e-01
3.413466990083143804e-01
3.635331893298932027e-02
2.710096524178537414e-01
3.091464640335057079e-01
2.569699804021013945e-01
3.453202269630935572e-01
3.811953242445363932e-01
4.270047764931739209e-02
2.729100235867230606e-01
1.005632103651971088e-02
3.312741904061720088e-01
4.624945773659054349e-01
3.601955358411577102e-01
2.199700373064329417e-01
2.839156063458886381e-01
1.108246362987910794e-01
8.511886226333459371e-02
3.419563399709568130e-01
2.842311645431343514e-01
1.917190458214685367e-01
2.873532868105214688e-01
2.314143113925465345e-02
2.717278397456243111e-01
4.026537932528815311e-01
3.531879396048603903e-02
3.341730924912722500e-01
2.599148823563005584e-01
4.548913330416495260e-01
4.490973386622009733e-01
4.645039801376556476e-01
5.961108570001993900e-02
1.167384406580487255e-01
4.172982552882835705e-01
1.557371283552632102e-01
4.888262863772436795e-01
4.451394724044385187e-01
3.947128866859145324e-01
1.414768456222810222e-01
2.523974346327928497e-02
4.134483144933830956e-01
3.521485124797551491e-01
2.117156148211993827e-01
4.507433752789670178e-01
1.735583355167521491e-01
3.393775458690712066e-01
4.384228255352756176e-01
8.048486860604342485e-02
3.436138814791110385e-01
1.578746281119808303e-02
4.277401100262440137e-01
3.674184177789308059e-03
4.880778976966744787e-01
2.295412065827791004e-01
1.122678217434422421e-01
3.527699653067096763e-01
3.608332248703636225e-01
3.660259765839127821e-01
2.891694622953594473e-01
3.811867422358199420e-01
4.823332965349524937e-02
1.556210251109477194e-01
2.962572896017188762e-01
6.913434258359829609e-02
4.930657775626667849e-02
1.247911129884831105e-01
6.998396096242165410e-02
4.736607442414504376e-01
4.349668641418344972e-01
6.716368299243935525e-02
1.229365312640112728e-02
4.021138994389713561e-01
4.053172608116048514e-01
1.310487691758503992e-01
3.956513220535941011e-01
2.478435523636859927e-01
2.005924787732522030e-01
3.307686363279733754e-01
3.897314492428395338e-01
2.368243946633618591e-01
9.446024079768189363e-02
2.431299455516759966e-01
2.311096173404710852e-01
2.420717822845422917e-01
2.607979578930442188e-01
8.278655283108843355e-02
3.652052146722647996e-01
3.582467343182824671e-01
7.381043945347615098e-02
1.145539849573743996e-01
4.610148015369761043e-01
4.069810453211152868e-01
5.708170495507014497e-02
7.807672403430643282e-02
3.533064494905213682e-01
3.060132014234445141e-01
3.464430439214859492e-01
1.104896583761158513e-01
1.878280315634277553e-01
3.154589130879009162e-01
1.009762517803299287e-01
2.806184165743536574e-01
3.011047932003213523e-02
4.446268671512682569e-01
1.481460214708321121e-01
1.299203291284006800e-01
2.903786532803619980e-01
3.276024788403141264e-01
3.254529084437693398e-01
3.280941765520730136e-01
2.505345398939201051e-01
4.713340998935848791e-01
3.612586473965850309e-01
3.488360944189540236e-01
4.994933918661013661e-01
3.489316762242963277e-01
1.451727587481609905e-01
3.050133728880360384e-01
8.970039416915154273e-02
8.301899341243251795e-02
4.986190628806112524e-01
3.033701826449618499e-01
3.277721668089392248e-01
3.332567862186858187e-01
4.426290235430542230e-01
2.152389733701018937e-01
5.930390895099296733e-02
2.906223652517548883e-01
7.861502074176796029e-02
1.960067934503817444e-03
2.151792977056118383e-01
1.628493268088064827e-01
2.681422438824629384e-01
4.469850290865053921e-01
4.217414494421828919e-01
2.537649068233652216e-01
3.077013931260321189e-01
6.169362485412205332e-02
2.354984186184415074e-01
1.103508258044467172e-01
5.278212161687656501e-02
2.115057293971349672e-01
2.747405127030927985e-01
1.008438289027147050e-01
4.927997860566951660e-02
1.557728730196582534e-01
3.530730641410516624e-01
2.413653204284833542e-01
1.282238632106947329e-01
4.689773062574482676e-01
2.455607256035330366e-01
3.629381210670740709e-01
4.860767259920679706e-01
1.576653900667579489e-03
1.552074499876086588e-01
3.976420146965757851e-01
1.254625670038113650e-01
2.034473887783891932e-01
2.829189972990334700e-01
4.220290699318110517e-01
1.881357615664508431e-01
3.944566014239921925e-01
1.165302205492116938e-01
1.285958810648803463e-01
1.284084232860869257e-01
3.853251772898058092e-01
4.948137312875037219e-01
1.089057083600836751e-01
2.452579991066191067e-01
3.566083552153050396e-01
4.822940137900684765e-01
9.224331825843151700e-02
3.972695085385288816e-01
2.118764910153067560e-01
1.905789601696784019e-01
3.236203652863522962e-01
3.274951784080770145e-01
1.885769072067877694e-02
1.104539887495701311e-01
2.963785198979290714e-02
2.306000992134346617e-01
2.366475541068445709e-01
3.720510221290850295e-01
3.883639329072800517e-01
2.243327980011321499e-01
3.270578285551469788e-01
3.121580233052879683e-01
4.564691373197237723e-01
3.271957654385451719e-01
1.974406524397210871e-01
9.156719418797154564e-02
4.243286063777416128e-01
2.132300819366767519e-01
4.901571560349059498e-01
1.198270772166535325e-01
1.501786483984692278e-01
2.555289285532278409e-01
3.360197537465282602e-01
3.070755633872823687e-02
4.331743128143530908e-01
2.959261661205936922e-01
4.773931736916498525e-01
2.726752216998149514e-01
4.130716537181350900e-01
3.619297868683982733e-01
3.035827354149336355e-01
2.058303155806375795e-01
4.538913588446722991e-01
2.132469167520668063e-01
4.537731797254863086e-01
2.436946994144565948e-01
1.668281879675645452e-01
1.327364247509460471e-02
3.158721245081048123e-01
1.676340098209566642e-02
1.476215431069025086e-01
9.345107699163657244e-02
3.488189750680428247e-01
2.298301702457618556e-01
2.150744047965045258e-01
3.462997886704500816e-01
1.373406803286406075e-01
3.012033228673257623e-01
3.356137194741866114e-01
1.673221881249135068e-01
2.569222604109798191e-01
6.334132273130776980e-02
3.981115469374999494e-01
3.704409333868025622e-01
1.499847881825293050e-01
1.126703019844959575e-01
7.048436105038580202e-02
3.050547948000633114e-01
1.742515830142677968e-01
3.482193970280977879e-01
3.550287291371477250e-01
3.128560048216482703e-01
2.038792918543936850e-01
2.911227732931612744e-01
3.836983967228324022e-01
5.521644449491952544e-02
2.696303162613937765e-01
6.832519949877213783e-02
2.457820329222875633e-01
9.458468882782977705e-02
1.656605156689636149e-01
4.044864637279732555e-02
3.485339594297678367e-01
3.393513789408286740e-01
2.640918635435133832e-01
4.088411102627323435e-01
4.734363044087199768e-01
2.920616100266585358e-01
4.088779583558888042e-01
3.725869900316496341e-01
3.548044133818912260e-01
2.642577779968428020e-01
8.439593655627308788e-02
4.820710834662321198e-01
4.918190263587129962e-01
1.946590724193772992e-01
2.308183456830250058e-01
4.787719250749480349e-01
1.963495255289396946e-01
6.756470126052377401e-02
2.110993615024914227e-01
9.871316233884042113e-02
1.379606985552582210e-01
1.015143726614116670e-01
1.380289614083926031e-01
2.018691303498929002e-01
1.454720436799414318e-01
2.566548405230123509e-01
4.770429011166371080e-01
3.999506891499112204e-01
3.608987283578367067e-01
4.023508173858835746e-01
1.206696328747537406e-01
2.457396610035261220e-01
2.500512032335694412e-02
3.271426807520773639e-01
4.508591049917708982e-01
2.764629553000087503e-01
2.634580032411697470e-01
8.303410600040866951e-02
9.069001269237003671e-02
3.982444965032247430e-01
4.911800313834909781e-01
1.499476445591750862e-01
1.663656294895550225e-01
1.457225398752691747e-01
2.684049794573248326e-01
2.550236373742461038e-01
4.214832536721587197e-01
1.938872066872804334e-02
4.046917359558266925e-01
3.974976309156394993e-01
3.865263192608734411e-01
4.239307016983157039e-01
4.165729389971059571e-01
3.959915384960329687e-01
4.210841894990414169e-01
1.378666984988787814e-01
4.800382337202310223e-01
1.472186831613489510e-01
2.903774295580419107e-01
4.451193079069200587e-01
3.436261421258490767e-01
1.295666926765692839e-02
1.019404035584829948e-01
4.782547032408548948e-01
1.853744179169471429e-01
4.491775666736732009e-01
3.854015742188011684e-01
2.574544217686930425e-01
4.727260562597181415e-01
8.707055341254082981e-02
2.810928571116029229e-01
1.482487291655027462e-01
3.301926571754919548e-01
1.458845984482460834e-01
2.585419723477490050e-01
4.918959620753180495e-01
2.674175514070080140e-01
2.331489521326165493e-01
4.133832030064732987e-01
1.957257787568500995e-01
4.449698781384974211e-01
1.269195145135230129e-01
2.610689651515697984e-01
1.745831064184677484e-02
2.998312225423964139e-01
3.522378273884261279e-01
2.672650555048313170e-01
3.112469777766148638e-01
4.637051861446698231e-01
1.971959846894144608e-01
3.127923440144509404e-01
5.919460648201729791e-02
3.190837146262200386e-01
6.856411821111324523e-02
3.214769769079526274e-01
3.070658464117976827e-01
2.608284560086672754e-01
3.900172238103962741e-01
2.487787763720664680e-01
4.200659751425422361e-01
8.996948758858330786e-02
5.791406354916095456e-03
7.344766293572080329e-02
2.029486543085776140e-01
3.697162977591592625e-01
3.425719576116039722e-01
4.349422954704807998e-01
2.450065660939035328e-01
6.377433972974017040e-02
2.624412382216712025e-01
4.057598194821093740e-02
3.971517402499487037e-01
2.498168252274733381e-01
3.600632039174299637e-01
2.440554311315460967e-01
3.457761391871013168e-01
2.924647325553907939e-01
4.725714863766505847e-02
2.458882151337269950e-01
7.313056051227512233e-02
4.714858024649791202e-01
3.523988730421116489e-01
1.972434290044308147e-01
8.660777486718579388e-02
9.215670839831774375e-02
4.125133824129882942e-01
4.379893823801792596e-01
1.277895201776235168e-01
1.854756415588378893e-01
1.573212622663954230e-01
3.230134845867885796e-01
3.436472643319701259e-01
1.434765183370894093e-01
6.099656186176932726e-02
2.715387407805520681e-01
4.988661252612691110e-01
2.621088045314340920e-01
2.251740756508746610e-03
1.387448458636838522e-01
4.082464857973752137e-01
4.178542167369483917e-01
1.132985622110327384e-01
1.760363227555485910e-01
2.861143710761889780e-01
1.388557153423348178e-01
2.313193041223661761e-01
4.313878653244215267e-01
2.597844685175724200e-01
6.217166326670525711e-02
2.634176223885881241e-02
4.113124136499779482e-03
4.083687352943273230e-01
2.836035015429579365e-01
3.576819307070311926e-01
3.121715679706763003e-01
1.640363791047564357e-01
4.679428066879989245e-01
1.603736324910259858e-02
1.639168140535640639e-01
4.108695772542587665e-01
1.916668998244050459e-01
1.996315862337949554e-02
2.201027121295400235e-01
4.492990053032099862e-01
7.111102819159204058e-02
1.074834932085548811e-01
2.233230935245461568e-02
1.522019155790154121e-01
4.736127679126261869e-01
4.987070861127280708e-01
8.384255512947236255e-02
4.772373008119564775e-01
1.346109681784290468e-01
4.157994712097045076e-01
3.290727192835349313e-01
3.618746380400339469e-02
4.436802224489678204e-01
4.364285873322933940e-01
4.428668922916633721e-01
4.988576478485791110e-01
3.304393981940182412e-01
5.760433859077773722e-02
2.863213347096531525e-01
3.564328458250349829e-01
1.117746189725915551e-01
3.235931177436781048e-01
3.076294153917193963e-01
1.521762123501194108e-01
1.035210180537656788e-01
3.825865597343405811e-01
3.145980782557880606e-01
5.477112418033058816e-02
2.354562935537831136e-01
1.898237342456962073e-01
1.154071726349663041e-01
4.362552990363742222e-01
4.198913405588293180e-01
2.227855471179482350e-01
3.696200895907129635e-01
3.380146396896790417e-01
4.327578203274877189e-01
2.706256976415559179e-01
1.226831719875154381e-02
2.472953645553571667e-02
3.033246511543655211e-01
4.001276245525409170e-01
1.777133295215297948e-01
3.130769942045185661e-01
1.151256750089257319e-01
2.686452746819607551e-01
7.193792635629309151e-02
1.359591413048827357e-02
9.883389219269550496e-02
4.627221889553867484e-01
4.056250105055632660e-01
2.819917358864658108e-01
6.092733994131888098e-02
3.223769707030917919e-01
1.373332109811610247e-01
2.704849065655789420e-01
1.443764201559489257e-01
3.345678499131783945e-01
4.935291270705255973e-01
2.173873419941291241e-01
2.184989768930343801e-01
1.959945806411805824e-01
1.109991999858809808e-01
4.750198665167706946e-01
3.237231615011047503e-01
1.402940532089597125e-01
4.651346163782387189e-01
3.753551416749488223e-01
7.884223073487306443e-02
3.821742252588456457e-01
4.413459018629262154e-01
1.652876609955570286e-01
2.856389039170043609e-01
2.396293350155270230e-01
3.962572461870014773e-01
2.220128200079157788e-01
4.785382078835253572e-01
2.420202492302175323e-01
1.159922753982293719e-01
3.327328439084686340e-01
3.129057820567593406e-02
1.804335890993212788e-01
3.009124660558064601e-01
3.521870530274463507e-01
3.231174648263249738e-01
9.181361281215316694e-02
9.670179985890892116e-02
2.534170362539328591e-01
2.270587802792174981e-01
2.534435590329103816e-02
3.511331903052269943e-01
1.610404293784798990e-01
1.223818703880542036e-01
2.931348022211623383e-01
4.190408666708465013e-01
1.183687709783710074e-01
2.149102242218647874e-03
3.991710031338188136e-01
6.734443453796484791e-02
2.277439308218801584e-01
3.254009321072966476e-01
2.390754758314755923e-02
4.837053902037165010e-01
2.431175042281586429e-01
4.875312671206706860e-01
7.638596590520846386e-02
1.731056414384344322e-01
1.986373101414735665e-01
4.328119083383263344e-01
2.975421225741214926e-01
3.356888490069176445e-01
1.160557395322799890e-01
1.733275661791897626e-01
2.646043726645531668e-01
4.173625512565742879e-02
6.722088858736469108e-02
2.749479753226650169e-01
8.000812023654968463e-02
8.128787778294432886e-02
2.091801277571809781e-01
3.575177703703519838e-01
3.575903433185777525e-01
6.915229345959916785e-02
1.530232786144163359e-01
2.530401155057827589e-01
3.714482261733247914e-01
4.252654484355964382e-01
4.342672408298378084e-01
2.035204583691048175e-01
4.178086226253318602e-01
4.846897695914321180e-01
6.949896559082091585e-02
2.682674933826794672e-01
2.145694508850870541e-01
1.176412149592683254e-01
2.431937626972013322e-01
4.135644856951454229e-01
4.039999919196449740e-01
4.141371515254191893e-01
4.503682468953599805e-01
1.829536665375243176e-01
3.754240454705179975e-01
3.085288223503630523e-01
3.178383199229339873e-02
1.787072638341714037e-01
1.432442422516622127e-02
1.499395595931473646e-01
3.303992921333543942e-01
2.243909014212843722e-01
2.713908542304109828e-01
4.801443721654625185e-01
3.861924004798759080e-01
3.901303770902410650e-01
2.346311898471203361e-01
3.564936794575702117e-01
1.837414146306948215e-03
2.867069900777857727e-02
2.000926747868780331e-01
1.364438119830140295e-01
2.608023580137233677e-01
4.838138044910345048e-03
1.830792514075046951e-02
4.623381143856920561e-01
1.923689952087305755e-01
8.210163085927701943e-02
3.328823579071278904e-01
2.573081528438748156e-01
1.487910394640086786e-01
7.287754880856039952e-02
2.671407979329084026e-01
1.383704628701065698e-02
1.567509315453476937e-01
2.000018338712728494e-01
3.489834737534180942e-02
1.295363506233227491e-01
3.836722023999027953e-01
4.655351102335001934e-01
4.267496565648388196e-01
7.840947543395204722e-02
2.637788380742990824e-01
4.021759996422547001e-02
3.555385334631906424e-01
3.046441413908785312e-01
3.200621195868060820e-01
4.549136136174465883e-01
2.064362034915744326e-01
1.866319804820660289e-01
7.689783915207965004e-02
4.593868084436875110e-02
6.209803601714147803e-02
2.050407981413451264e-01
4.610720235181162141e-01
1.165826744282018601e-01
1.010706004746094178e-01
3.357417662182187734e-01
2.720083167906774957e-01
4.524925029183086145e-01
5.527291667766653926e-02
3.782883977262653796e-01
5.236019073927011824e-03
4.691489498065852803e-01
3.103804374484939732e-01
1.700114792529107133e-01
6.835046893310325888e-03
3.563586569078346367e-01
4.284958907109126525e-01
2.132810689308433649e-01
1.985725283570055066e-01
9.712691467277395629e-02
1.912680446915010490e-02
1.186389485659792298e-01
2.965509739008108658e-01
1.628091670972392491e-01
2.765936600751774388e-01
1.999986587870034027e-01
3.834322793485808734e-01
8.790491016774648614e-03
1.854171184078327039e-01
5.502312038162437968e-02
3.449319661395559011e-01
1.533387146878508744e-01
9.143808060006991534e-02
8.468976967806574052e-02
4.299194668209621040e-01
4.737623106981493915e-01
3.842827481876942564e-02
1.267597236073125799e-01
2.523938252817970462e-01
2.787157812007228785e-01
4.512044599867681693e-02
3.837426205249850342e-01
8.781754124131796457e-02
4.223591131042878088e-01
8.417548417333636790e-02
4.643410343954039177e-01
2.807920040947492479e-01
3.668787573203785013e-01
1.850207213981199805e-01
4.018877332995776652e-01
4.470588117214210899e-01
1.850009336048162312e-01
2.074624292157210004e-01
1.362272786322971108e-01
1.917472246625140930e-01
2.302306150360624026e-01
1.506535451116498558e-01
1.162939871218323096e-01
1.880673250776751515e-01
4.486091328262403199e-01
3.578265740832226594e-01
1.315695861231841457e-01
3.679773428183264472e-01
2.079740576451485357e-01
3.513416105572210180e-01
1.176096470601995514e-01
3.821856276272729280e-01
1.935141085946212591e-02
1.785072629504088071e-01
1.323223404494419664e-01
2.651913167323656784e-01
3.387716229443038518e-02
3.349581482471163940e-01
3.557028614878825490e-01
3.285167739180365198e-01
1.127509680721354712e-01
1.878855869357223818e-01
4.818572527517999138e-01
3.931685606442273384e-01
4.031623312883109711e-01
1.493516375882950609e-01
8.585756772178221308e-02
3.020158898573701012e-01
4.091102826192484776e-01
1.109819076387054126e-01
2.454372951361661337e-01
4.597681655918472443e-01
2.407829347587736590e-02
3.588675613791009744e-01
1.763322569070752133e-02
3.784182723247296876e-01
2.837746961070170548e-01
5.052593367852981077e-02
3.131893699612776083e-01
3.417035275894458879e-02
9.187255162684021537e-02
2.735007798565702863e-01
7.971310034431677849e-02
7.470768642781555613e-02
2.557004531270874459e-01
2.032101668886387991e-01
2.570807332411572110e-01
3.029294783111270983e-01
3.281365674889167861e-01
3.044086241142249238e-01
3.397345613757441485e-01
4.698805171498683375e-01
6.665988334928701908e-02
4.228511213151376902e-01
1.645479962861455259e-01
2.669399012437537189e-01
7.964302612144541493e-02
3.299174558161546145e-01
2.552483543717226633e-02
4.764114748427984991e-01
1.892308690744002875e-01
3.387510635285595484e-02
6.286853638566736180e-03
5.648800768913914139e-02
5.298875238539624277e-02
1.095353371040951873e-01
3.512810311163785393e-01
2.618096187183671653e-03
3.221816698554260117e-01
3.547329724794062722e-02
4.780676841590228432e-01
1.605883820637147852e-01
7.915513254364958673e-02
2.035942979252465257e-01
1.217411403262085856e-01
4.171945029384168113e-01
8.236602513637814038e-02
9.336214148830290771e-02
6.837030371817792718e-02
2.102022071456480234e-01
4.776179168594987812e-01
1.487255561254011149e-01
1.725559258232562954e-01
2.680426683660580567e-01
2.443246278645849756e-01
3.001312954827046187e-01
2.782743862843324867e-01
5.961321019213333683e-02
2.197742220250510914e-01
4.558194576080428218e-01
1.389245217313467284e-02
2.203155453596585822e-01
2.583078451893788263e-01
2.727708266709688578e-02
1.003298132498867679e-01
3.873993856993437901e-01
2.147234690976248528e-01
2.863808664656081748e-01
7.317512338987819387e-02
4.868928860802962388e-02
2.517730576576174273e-01
4.472769210411069452e-01
1.899574990433777755e-01
1.072546866533208298e-02
4.751534511291738982e-01
3.301775823188360937e-01
1.390194108840343001e-01
2.589016100215334459e-01
4.791499005417920731e-02
2.901339635991939114e-01
2.495733038078220001e-01
5.699146458820431027e-02
3.170180914452713772e-02
2.822153977166794725e-01
7.002887079959896344e-02
3.016189722467887413e-01
4.237464701316039917e-01
1.079123704166028430e-01
3.224111317026060464e-01
3.881985272329120384e-01
3.509812593219662769e-01
3.598150515175973507e-01
1.465763119751187227e-01
1.641997599305057842e-01
2.712628724236301747e-01
4.190045067047332705e-01
1.475436290182569055e-01
4.109649817641977121e-01
1.093098650552481454e-01
2.428675207191570151e-01
2.131543137298864132e-01
4.955738410789680137e-01
3.256349673728768379e-01
4.618116055523273644e-01
2.457249024599233445e-01
7.772509915084485632e-02
4.287149404917411366e-01
2.059011524443384866e-01
3.527181628280614545e-01
4.526911685735195978e-01
1.104354166803793724e-01
2.916593272090420297e-01
1.126641054682697152e-01
5.008659576439894456e-02
2.341060130735279632e-01
1.798716716526713166e-01
2.850079122722976588e-01
1.102450517363970373e-01
3.964593528077963724e-01
2.806507183074713474e-02
8.077039217669157445e-02
7.438050263899698145e-02
1.951485516502686202e-01
3.444780789453735781e-01
2.813882182439408908e-02
2.462912090857106162e-01
3.475773607087106476e-01
4.113929289866991024e-01
9.449781371989257606e-02
3.818449601994288178e-01
3.992819396701438595e-01
4.466374652469440876e-01
4.851703914142500573e-01
3.439105861839242273e-01
3.243162766306706413e-02
4.333449289414360028e-01
1.568572428741826230e-01
2.338867778122099561e-01
2.717820506797678504e-01
4.060202053431987146e-01
4.375486251139436011e-01
3.837269203415624164e-01
1.946961165165416174e-01
2.396469673352139562e-01
1.653329811073916966e-01
4.021778682461654708e-01
3.172033414682462471e-02
3.453433191488345377e-01
4.424732758627218376e-01
4.892202815176924791e-01
1.237680165656805942e-01
1.846928217312310272e-01
1.738734625813622148e-01
6.105369683543915293e-04
4.874592326639052842e-01
3.181068567154436977e-01
2.258499911442197194e-01
2.203254246970071106e-02
2.514499465402869616e-01
2.952319486825154549e-01
3.557320052977367975e-01
4.605431047670116573e-01
1.810573848360244598e-01
1.205705388892897023e-02
4.942484295223783519e-01
1.831968963278049478e-01
1.623674261437721422e-01
2.008723660427175206e-01
1.273491225742117705e-01
2.252908805734287756e-01
8.210652514372313027e-02
2.310541038714660766e-01
2.728347119728733450e-01
4.974299791231523993e-01
2.765789586532064193e-01
3.465826951748528506e-01
2.910083377361928347e-01
2.489907145652910936e-01
1.359089531750783397e-01
4.362006391647342829e-01
3.708846462868893301e-01
3.809129283358441143e-01
3.689822617441194663e-01
2.244733624643456826e-01
3.750582987009063451e-01
1.397105914195326259e-01
1.672839781554179006e-01
8.459658594838892487e-02
8.747987014352864854e-03
6.200489376642043249e-02
3.659665189517990469e-01
4.373092794914584802e-02
3.122958758137338031e-01
2.898469378573698130e-01
6.731818622363666682e-02
1.108269062675375505e-01
1.521064819887719688e-01
4.869350948483425201e-01
1.358043540068109012e-01
1.270920019552813085e-01
3.308061635486597707e-01
2.412902595415845064e-01
1.508019157805776111e-01
3.176140670758860196e-01
3.102327084694217474e-02
4.415498611508563709e-01
1.928642157980904881e-01
2.380614785932277933e-02
3.287562786716455854e-01
9.424546713974712997e-02
2.615867441542359950e-01
1.014799103448799644e-01
8.317062699952226801e-02
1.439562008746532173e-01
9.903292401082708363e-02
3.236592189050810364e-01
3.367739992402411509e-01
1.010167270726594624e-01
3.220700981022603382e-01
1.543200309573810047e-01
1.377559844730963934e-01
2.817187381799424184e-03
2.593360211772884338e-01
1.854385802337218947e-01
2.054268526089239599e-01
4.123101366699848391e-01
1.868394845175894159e-01
4.312768058391761028e-01
3.942497295806615676e-01
1.550108301469844130e-01
2.508015586638879801e-01
1.629744290893126446e-01
1.807378991662098033e-01
7.739567134064728737e-02
4.753831629963986005e-01
2.372810431396341624e-01
3.818178002340701926e-01
4.155286107805025164e-01
3.281260138938824067e-01
1.152293554747491067e-01
4.182478840189324254e-02
3.042601919182991166e-01
2.318359287093736398e-01
2.826765663274062312e-01
2.999772075407259320e-01
2.485941345841118366e-01
4.819979617175802478e-01
8.738702169024115118e-02
1.179516662738481769e-01
2.509802249524792916e-01
6.685793637802306399e-04
3.403666492509708208e-01
3.498315726451107222e-01
2.697896837063644693e-01
1.587371790086785084e-01
6.084546391075107419e-02
9.496304022881590923e-02
3.288612924432651741e-01
4.553541819433874482e-01
2.852954087640331982e-01
3.675293775698057486e-02
3.124945711153870320e-02
3.831491203952163138e-01
4.797225223474842482e-01
1.001718280392024929e-01
4.664078069934705639e-01
9.870683794147916412e-02
1.687702719800520113e-01
1.639705019852852330e-01
3.601673737928714480e-01
1.068840167939270613e-01
1.195985374078419872e-01
2.860877864993375819e-01
3.773755561745271159e-01
1.153362550395041208e-01
4.537022948261005828e-01
3.478519481449300899e-01
1.704568472038336391e-01
3.849994328660469312e-01
1.791392666031584868e-01
4.452106454511613465e-01
1.910446605355527461e-01
1.862564196674768580e-01
3.432849692036553657e-01
1.976620046999344460e-02
3.268785580063651164e-01
1.278412904223804047e-01
2.208715266575386749e-01
2.189427389461561790e-01
4.472295394672617386e-01
3.597476623674645269e-01
2.012283424986616165e-02
4.857866873149455089e-01
4.059473843660763026e-01
3.381366546817764496e-01
4.495602877258697561e-01
4.727938472717151397e-01
1.936290166119707390e-01
2.989179715191012110e-01
1.332808654068590171e-02
2.765462814601407637e-01
4.156990436638884345e-01
1.088213070042046149e-01
3.945280350833522687e-01
2.857892754253729684e-01
2.874941137646446765e-01
2.928239712575921305e-01
3.626605944998111952e-01
2.056244218989796146e-01
6.815454969877243752e-02
2.677758210302619846e-01
2.569357346458140401e-01
3.422840924233391258e-01
4.993294047462760177e-01
3.437813040687515143e-01
3.769531173396384327e-01
6.403133540893590769e-02
2.047049339974877924e-01
6.451664984955790549e-02
2.904347433466681894e-01
2.501131798029472830e-01
2.800468757319417579e-01
1.224288822244740671e-01
3.599831175959264939e-01
2.538894946512509909e-02
4.273550663789305037e-02
1.845168832247003343e-01
1.222979967258520650e-01
1.690735530543889809e-01
3.870158195921957756e-02
4.044834771177083788e-01
2.653129643316431974e-03
1.059960529990098821e-01
4.370246637301058446e-01
2.014780009679844053e-01
1.252043970728051181e-01
4.620723726949331756e-01
7.732017988033895728e-02
4.427014677204519910e-01
3.179348358575727618e-01
2.525937380990312953e-01
4.271977037973385127e-01
5.206951125271974679e-02
1.160379194069974251e-01
7.398401323746128799e-02
1.754733245551802767e-01
3.680611547282106599e-01
2.445729671207967915e-01
3.162484048715375473e-01
3.046362173761729686e-02
9.278900744174500836e-02
4.947889843766762885e-01
1.921155125626239357e-02
1.176170196559844228e-01
2.876870331232613820e-01
2.825630655879272646e-01
1.944486698063465080e-01
1.267623936282437080e-01
3.840785482702596676e-02
2.034672561956349934e-01
1.007926333737718116e-01
5.150954884278780010e-02
6.323819928015950165e-02
2.936498819046241548e-01
4.239217324887871730e-01
2.067306128116940256e-01
1.425997340330624197e-01
9.365100678601834261e-02
3.937638852057968597e-01
2.764188420719760342e-01
2.838407352243805248e-01
9.060009512875660809e-02
1.205509532250383931e-01
9.816284261843427617e-02
3.789505593147020623e-01
1.271795784755287984e-01
2.557176255175722113e-01
1.938640942516677290e-01
3.730379875870286632e-01
3.024155847256302931e-01
3.736039572270015152e-01
3.303403821211009506e-01
4.110006201444279528e-01
4.600467026638279111e-01
2.550707025533048844e-01
2.731045923944114828e-01
1.008625522464408064e-01
4.639768898361534832e-02
8.544810335040720073e-02
2.013070267501970712e-01
2.113755130186436570e-01
2.731130416478845802e-01
2.216074863181123900e-01
4.174743942048990131e-01
2.546704791871678419e-01
1.729877288523569701e-01
1.728768745612466184e-01
4.077497912373886924e-01
4.820443754794697666e-01
4.881564751549560821e-02
2.915667942086462294e-01
3.628083081847831570e-01
3.184366701228145136e-01
2.932817164397161780e-01
4.494199158832240526e-01
8.616383343405642492e-02
4.139393572074444583e-01
3.272652473321531752e-01
1.818218391517048560e-01
3.468446643761167736e-01
3.911273823169875707e-01
4.929169667221385276e-01
2.959749463977434658e-01
4.259217408541591254e-01
3.780651182329553550e-01
3.416780544877718873e-01
3.691201780840314695e-01
2.209851926968818270e-01
1.048280526898456855e-01
3.154748585522504922e-01
1.439651517036960593e-02
2.829953953303797065e-01
4.325156319699523522e-01
4.331822841175923533e-01
1.510500357324340848e-01
3.832252041913286611e-01
4.571763911855948326e-01
6.651969213939629144e-02
1.463869032129155867e-01
2.105074860819506344e-01
4.243269723505083135e-02
1.023044094711431096e-01
4.239725181738181470e-01
3.883615496025655256e-02
2.676547182218372289e-01
4.439136146539650052e-01
1.767403907953699616e-01
1.652361855525148471e-01
4.996110867473521622e-01
3.832959557722614985e-03
3.364761599381937973e-01
6.198225754114783381e-02
2.383308008743432738e-01
2.970206906572616101e-01
6.592986257876015666e-02
4.566852245360867868e-01
1.543760462251644872e-01
1.141946495779349591e-01
3.390397931792065722e-01
1.309100621890654792e-01
4.005729725220601445e-01
3.972182982278713026e-01
3.087784991343567320e-02
3.087784991343567320e-02